date;id_station;id_network;type;latitude;longitude;altitude;country;area_adm_1;area_adm_2;area_adm_3;name;value;value_max
06/08/17 02:00;DEZ0001;Eurdep;air;54.78;9.38;0;Germany;0;0;0;FLENSBURG;7.218999999999999;7
06/08/17 02:00;DEZ0005;Eurdep;air;54.02;9.05;0;Germany;0;0;0;BARLT;7.720000000000001;7.85
06/08/17 02:00;DEZ0008;Eurdep;air;54.17;9.33;0;Germany;0;0;0;BUNSOH;6.624;6
06/08/17 02:00;DEZ0012;Eurdep;air;54.19;9.15;0;Germany;0;0;0;HEIDE;6.465000000000001;6.69
06/08/17 02:00;DEZ0013;Eurdep;air;54.35;9.02;0;Germany;0;0;0;LEHE;6.912999999999999;7.290000000000001
06/08/17 02:00;DEZ0017;Eurdep;air;54.21;8.92;0;Germany;0;0;0;WESSELBUREN;7.348999999999999;7.529999999999999
06/08/17 02:00;DEZ0032;Eurdep;air;53.39;10.49;0;Germany;0;0;0;SCHNAKENBEK;7.196;7.470000000000001
06/08/17 02:00;DEZ0034;Eurdep;air;53.44;10.45;0;Germany;0;0;0;WIERSHOP;8.495999999999999;8.809999999999999
06/08/17 02:00;DEZ0038;Eurdep;air;54.77;8.29;0;Germany;0;0;0;HÖRNUM / SYLT;4.88;5.0600000000000005
06/08/17 02:00;DEZ0044;Eurdep;air;54.65;8.35;0;Germany;0;0;0;NEBEL / AMRUM;6.1450000000000005;6
06/08/17 02:00;DEZ0048;Eurdep;air;54.52;8.67;0;Germany;0;0;0;PELLWORM;8.088;8.35
06/08/17 01:00;DEZ0055;Eurdep;air;54.86;9.01;0;Germany;0;0;0;WESTRE;6.186999999999999;6.4799999999999995
06/08/17 02:00;DEZ0057;Eurdep;air;54.5;11.24;0;Germany;0;0;0;MARIENLEUCHTE / FEHMARN;8.406;8.68
06/08/17 02:00;DEZ0059;Eurdep;air;54.2;11.09;0;Germany;0;0;0;DAHME;7.571;7.890000000000001
06/08/17 02:00;DEZ0060;Eurdep;air;54.15;10.6;0;Germany;0;0;0;EUTIN;7.551;7
06/08/17 02:00;DEZ0062;Eurdep;air;54.38;10.95;0;Germany;0;0;0;HEILIGENHAFEN;8.129999999999999;8.48
06/08/17 02:00;DEZ0068;Eurdep;air;53.9;10.66;0;Germany;0;0;0;STOCKELSDORF;6.836;7.040000000000001
06/08/17 02:00;DEZ0072;Eurdep;air;53.86;9.74;0;Germany;0;0;0;BOKEL;6.144;6.39
06/08/17 02:00;DEZ0074;Eurdep;air;54.17;7.89;0;Germany;0;0;0;HELGOLAND / UNTERLAND;7.368;7.609999999999999
06/08/17 02:00;DEZ0080;Eurdep;air;54.3;10.23;0;Germany;0;0;0;KLAUSDORF;7;7.640000000000001
06/08/17 02:00;DEZ0082;Eurdep;air;54.18;10.2;0;Germany;0;0;0;NETTELSEE;6.856999999999999;7.19
06/08/17 02:00;DEZ0083;Eurdep;air;54.16;10.45;0;Germany;0;0;0;PLÖN;7.776000000000001;8.02
06/08/17 02:00;DEZ0086;Eurdep;air;54.29;10.42;0;Germany;0;0;0;SELENT;7.894;8.24
06/08/17 02:00;DEZ0087;Eurdep;air;54.44;9.7;0;Germany;0;0;0;ASCHEFFEL;7.6290000000000004;7.99
06/08/17 02:00;DEZ0091;Eurdep;air;54.47;9.87;0;Germany;0;0;0;ECKERNFÖRDE;6.994;7.4799999999999995
06/08/17 02:00;DEZ0092;Eurdep;air;54.4;9.97;0;Germany;0;0;0;GETTORF;7.5920000000000005;7.9799999999999995
06/08/17 02:00;DEZ0095;Eurdep;air;54.21;9.71;0;Germany;0;0;0;JEVENSTEDT-OT NIENKATTBEK;5.409000000000001;5.68
06/08/17 02:00;DEZ0097;Eurdep;air;54.27;10.08;0;Germany;0;0;0;MOLFSEE;8.43;8
06/08/17 02:00;DEZ0102;Eurdep;air;54.08;9.9;0;Germany;0;0;0;WASBEK;6.103;6.2700000000000005
06/08/17 02:00;DEZ0104;Eurdep;air;54.31;9.3;0;Germany;0;0;0;ERFDE;7.104000000000001;7.359999999999999
06/08/17 02:00;DEZ0107;Eurdep;air;54.65;9.94;0;Germany;0;0;0;KAPPELN;7.122;7.459999999999999
06/08/17 02:00;DEZ0111;Eurdep;air;54.53;9.55;0;Germany;0;0;0;SCHLESWIG;7.9510000000000005;8
06/08/17 02:00;DEZ0112;Eurdep;air;54.64;9.76;0;Germany;0;0;0;SÜDERBRARUP;8.056000000000001;8.32
06/08/17 02:00;DEZ0116;Eurdep;air;54.83;9.55;0;Germany;0;0;0;GLÜCKSBURG;7.612;7.85
06/08/17 02:00;DEZ0119;Eurdep;air;54.73;9.74;0;Germany;0;0;0;STERUP;8.103;8.39
06/08/17 02:00;DEZ0123;Eurdep;air;53.91;10.17;0;Germany;0;0;0;BARK;7.779999999999999;8.03
06/08/17 02:00;DEZ0128;Eurdep;air;53.88;9.98;0;Germany;0;0;0;SCHMALFELD;5.556;5.82
06/08/17 02:00;DEZ0131;Eurdep;air;53.79;10.08;0;Germany;0;0;0;WAKENDORF II;6.744;7.07
06/08/17 02:00;DEZ0136;Eurdep;air;53.78;9.61;0;Germany;0;0;0;KIEBITZREIHE;5.423;5.68
06/08/17 02:00;DEZ0137;Eurdep;air;53.84;9.49;0;Germany;0;0;0;KREMPE;8.052;8.290000000000001
06/08/17 02:00;DEZ0139;Eurdep;air;53.94;9.4;0;Germany;0;0;0;MOORHUSEN;7.69;8.15
06/08/17 02:00;DEZ0140;Eurdep;air;53.92;9.58;0;Germany;0;0;0;OELIXDORF;6.802;7.13
06/08/17 02:00;DEZ0141;Eurdep;air;53.88;9.26;0;Germany;0;0;0;ST. MARGARETHEN;7.9430000000000005;8.23
06/08/17 02:00;DEZ0143;Eurdep;air;53.73;9.48;0;Germany;0;0;0;KOLLMAR;8.105;8
06/08/17 02:00;DEZ0145;Eurdep;air;53.61;10.24;0;Germany;0;0;0;BRAAK;7.8469999999999995;8.03
06/08/17 02:00;DEZ0147;Eurdep;air;53.81;10.44;0;Germany;0;0;0;MEDDEWADE;8.178;8.49
06/08/17 02:00;DEZ0151;Eurdep;air;53.53;10.14;0;Germany;0;0;0;HAMBURG-BILLSTEDT;7.040000000000001;7.38
06/08/17 02:00;DEZ0156;Eurdep;air;53.58;10.11;0;Germany;0;0;0;HAMBURG-JENFELD;7.881;8.120000000000001
06/08/17 02:00;DEZ0157;Eurdep;air;53.65;10.11;0;Germany;0;0;0;HAMBURG-SASEL;7.257;7.840000000000001
06/08/17 02:00;DEZ0158;Eurdep;air;53.47;10.19;0;Germany;0;0;0;HAMBURG-NETTELNBURG;8.040000000000001;8.24
06/08/17 02:00;DEZ0167;Eurdep;air;52.13;10.29;0;Germany;0;0;0;SALZGITTER-LICHTENBERG;8.834999999999999;9
06/08/17 02:00;DEZ0169;Eurdep;air;52.47;10.53;0;Germany;0;0;0;GIFHORN;6.904999999999999;7.4799999999999995
06/08/17 02:00;DEZ0170;Eurdep;air;52.65;10.46;0;Germany;0;0;0;GROß OESINGEN;5.705;6.279999999999999
06/08/17 02:00;DEZ0172;Eurdep;air;52.38;10.53;0;Germany;0;0;0;MEINE;7.933;8.66
06/08/17 02:00;DEZ0173;Eurdep;air;52.48;10.36;0;Germany;0;0;0;MEINERSEN;7.1930000000000005;7.720000000000001
06/08/17 02:00;DEZ0175;Eurdep;air;52.77;10.45;0;Germany;0;0;0;SPRAKENSEHL OT HAGEN;6.1450000000000005;6.720000000000001
06/08/17 02:00;DEZ0176;Eurdep;air;52.62;10.59;0;Germany;0;0;0;WAHRENHOLZ;6.88;7.25
06/08/17 01:00;DEZ0177;Eurdep;air;52.73;10.73;0;Germany;0;0;0;WITTINGEN;7.0969999999999995;7.220000000000001
06/08/17 02:00;DEZ0178;Eurdep;air;52.62;10.81;0;Germany;0;0;0;WITTINGEN-BOITZENHAGEN;6.362;6.9799999999999995
06/08/17 02:00;DEZ0180;Eurdep;air;51.5;9.76;0;Germany;0;0;0;DRANSFELD;10.718;11
06/08/17 02:00;DEZ0182;Eurdep;air;51.44;9.93;0;Germany;0;0;0;FRIEDLAND-GROß SCHNEEN;10.809000000000001;11
06/08/17 02:00;DEZ0183;Eurdep;air;51.61;10.21;0;Germany;0;0;0;GIEBOLDEHAUSEN;11.105;11
06/08/17 02:00;DEZ0185;Eurdep;air;51.48;10.11;0;Germany;0;0;0;RITTMARSHAUSEN;9.726;10
06/08/17 02:00;DEZ0186;Eurdep;air;51.52;9.93;0;Germany;0;0;0;GÖTTINGEN;9.001000000000001;9.45
06/08/17 02:00;DEZ0188;Eurdep;air;51.56;10.06;0;Germany;0;0;0;WAAKE;12.041;12
06/08/17 02:00;DEZ0189;Eurdep;air;51.81;10.54;0;Germany;0;0;0;TORFHAUS;10.145999999999999;11
06/08/17 02:00;DEZ0191;Eurdep;air;51.72;10.6;0;Germany;0;0;0;BRAUNLAGE;9.855;10
06/08/17 02:00;DEZ0195;Eurdep;air;52.02;10.44;0;Germany;0;0;0;LIEBENBURG;9.225;10
06/08/17 02:00;DEZ0197;Eurdep;air;51.95;10.54;0;Germany;0;0;0;VIENENBURG;9.53;10
06/08/17 02:00;DEZ0201;Eurdep;air;52.25;10.81;0;Germany;0;0;0;KÖNIGSLUTTER;6.840000000000001;7.359999999999999
06/08/17 02:00;DEZ0205;Eurdep;air;51.88;10;0;Germany;0;0;0;BAD GANDERSHEIM;10.483;11
06/08/17 02:00;DEZ0208;Eurdep;air;51.79;10.06;0;Germany;0;0;0;ECHTE;9.55;10
06/08/17 02:00;DEZ0209;Eurdep;air;51.68;10.1;0;Germany;0;0;0;KATLENBURG-LINDAU;10.067;10
06/08/17 02:00;DEZ0210;Eurdep;air;51.73;9.79;0;Germany;0;0;0;FREDELSLOH;9.986;11
06/08/17 02:00;DEZ0212;Eurdep;air;51.62;9.66;0;Germany;0;0;0;USLAR OT SCHONINGEN;9.535;10
06/08/17 02:00;DEZ0213;Eurdep;air;51.63;10.47;0;Germany;0;0;0;BAD LAUTERBERG IM HARZ;10.636;11
06/08/17 02:00;DEZ0215;Eurdep;air;51.75;10.21;0;Germany;0;0;0;OSTERODE AM HARZ;9.52;10
06/08/17 02:00;DEZ0216;Eurdep;air;51.58;10.61;0;Germany;0;0;0;WALKENRIED;9;10
27/07/17 00:00;DEZ0218;Eurdep;air;52.27;10.23;0;Germany;0;0;0;GROSS ILSEDE;0;0
06/08/17 02:00;DEZ0220;Eurdep;air;52.32;10.24;0;Germany;0;0;0;PEINE;8.039;9.120000000000001
06/08/17 02:00;DEZ0222;Eurdep;air;52.32;10.39;0;Germany;0;0;0;WENDEBURG;7.856999999999999;9.05
06/08/17 02:00;DEZ0225;Eurdep;air;52.04;10.6;0;Germany;0;0;0;HORNBURG;10.581999999999999;11
06/08/17 02:00;DEZ0227;Eurdep;air;52.04;10.26;0;Germany;0;0;0;SEHLDE;9.325;11
06/08/17 02:00;DEZ0235;Eurdep;air;52.72;8.53;0;Germany;0;0;0;BARNSTORF;6.168;6.55
06/08/17 02:00;DEZ0236;Eurdep;air;52.85;8.73;0;Germany;0;0;0;BASSUM;6.895999999999999;7.45
06/08/17 02:00;DEZ0238;Eurdep;air;52.74;8.7;0;Germany;0;0;0;EHRENBURG;7.337999999999999;7.609999999999999
06/08/17 02:00;DEZ0239;Eurdep;air;52.62;8.65;0;Germany;0;0;0;FREISTATT;6.626;6
06/08/17 02:00;DEZ0240;Eurdep;air;52.59;8.84;0;Germany;0;0;0;KIRCHDORF;6.8180000000000005;7.12
06/08/17 02:00;DEZ0242;Eurdep;air;52.88;9.06;0;Germany;0;0;0;MARTFELD;6.515000000000001;7.13
06/08/17 02:00;DEZ0244;Eurdep;air;52.79;8.84;0;Germany;0;0;0;SCHWAFÖRDEN-SUDWALDE;8.055;8.33
06/08/17 02:00;DEZ0245;Eurdep;air;52.69;8.82;0;Germany;0;0;0;SULINGEN;6.337;6
06/08/17 02:00;DEZ0246;Eurdep;air;52.93;8.82;0;Germany;0;0;0;SYKE-BARRIEN;7.156000000000001;7.58
06/08/17 02:00;DEZ0248;Eurdep;air;52.06;9.33;0;Germany;0;0;0;AERZEN/GR.BERKEL;9.494;10
06/08/17 02:00;DEZ0250;Eurdep;air;51.97;9.3;0;Germany;0;0;0;BAD PYRMONT;8.86;9.84
06/08/17 02:00;DEZ0251;Eurdep;air;52.11;9.55;0;Germany;0;0;0;COPPENBRÜGGE;9.092;10
06/08/17 02:00;DEZ0253;Eurdep;air;52.15;9.39;0;Germany;0;0;0;UNSEN - HAMELN;8.971;9.76
06/08/17 02:00;DEZ0254;Eurdep;air;52.17;9.24;0;Germany;0;0;0;HESSISCH-OLDENDORF;8.714;9.49
06/08/17 02:00;DEZ0255;Eurdep;air;52.07;9.58;0;Germany;0;0;0;SALZHEMMENDORF;9.236;10
06/08/17 02:00;DEZ0256;Eurdep;air;52.45;10;0;Germany;0;0;0;BURGDORF;7.706999999999999;8.11
06/08/17 02:00;DEZ0258;Eurdep;air;52.46;9.6;0;Germany;0;0;0;OSTERWALD/STADT GARBSEN;6.618;6.85
06/08/17 02:00;DEZ0259;Eurdep;air;52.3;9.6;0;Germany;0;0;0;GEHRDEN;8.628;9.09
06/08/17 02:00;DEZ0262;Eurdep;air;52.37;9.97;0;Germany;0;0;0;LEHRTE;7.373;7.85
06/08/17 02:00;DEZ0271;Eurdep;air;52.42;9.43;0;Germany;0;0;0;WUNSTORF;7.823;8.09
06/08/17 02:00;DEZ0272;Eurdep;air;51.95;9.84;0;Germany;0;0;0;ALFELD-WISPENSTEIN;8.797;10
06/08/17 02:00;DEZ0274;Eurdep;air;52.13;9.73;0;Germany;0;0;0;ELZE;9.868;10
06/08/17 02:00;DEZ0278;Eurdep;air;52.15;10.09;0;Germany;0;0;0;OTTBERGEN;8.581;9.93
06/08/17 02:00;DEZ0279;Eurdep;air;52.05;9.9;0;Germany;0;0;0;SIBBESSE;9.923;10
06/08/17 02:00;DEZ0281;Eurdep;air;52.01;9.7;0;Germany;0;0;0;DUINGEN;9.55;10
06/08/17 02:00;DEZ0284;Eurdep;air;51.84;9.44;0;Germany;0;0;0;HOLZMINDEN;10.289;11
06/08/17 02:00;DEZ0285;Eurdep;air;51.75;9.52;0;Germany;0;0;0;NEUHAUS - HOLZMINDEN;9.52;10
06/08/17 02:00;DEZ0286;Eurdep;air;51.95;9.41;0;Germany;0;0;0;OTTENSTEIN;9.395999999999999;9.85
06/08/17 02:00;DEZ0287;Eurdep;air;51.89;9.63;0;Germany;0;0;0;STADTOLDENDORF;8.905;9.73
06/08/17 02:00;DEZ0290;Eurdep;air;52.6;9.09;0;Germany;0;0;0;LIEBENAU;6.726999999999999;7.07
06/08/17 02:00;DEZ0292;Eurdep;air;52.47;9.23;0;Germany;0;0;0;REHBURG-LOCCUM;7.890000000000001;8.209999999999999
06/08/17 02:00;DEZ0297;Eurdep;air;52.23;9.24;0;Germany;0;0;0;REHREN-AUETAL;8.782;9.559999999999999
06/08/17 02:00;DEZ0298;Eurdep;air;52.26;9.03;0;Germany;0;0;0;BÜCKEBURG;7.69;7.970000000000001
06/08/17 02:00;DEZ0302;Eurdep;air;52.61;10.29;0;Germany;0;0;0;AHNSBECK;7.958;8
06/08/17 02:00;DEZ0303;Eurdep;air;52.82;9.97;0;Germany;0;0;0;BERGEN;7.3340000000000005;7.69
06/08/17 02:00;DEZ0309;Eurdep;air;52.65;9.86;0;Germany;0;0;0;WIETZE;6.258;6.540000000000001
06/08/17 02:00;DEZ0310;Eurdep;air;52.73;9.85;0;Germany;0;0;0;MEIßENDORF;6.229;6.55
06/08/17 02:00;DEZ0317;Eurdep;air;53.69;8.56;0;Germany;0;0;0;DORUM;7.944;8.15
06/08/17 02:00;DEZ0320;Eurdep;air;53.63;9.1;0;Germany;0;0;0;LAMSTEDT;6.720000000000001;7.090000000000001
06/08/17 02:00;DEZ0321;Eurdep;air;53.45;8.63;0;Germany;0;0;0;LOXSTEDT-NESSE;6.984999999999999;7.35
29/07/17 00:00;DEZ0324;Eurdep;air;53.81;8.9;0;Germany;0;0;0;OTTERNDORF;0;0
06/08/17 02:00;DEZ0325;Eurdep;air;53.51;8.81;0;Germany;0;0;0;WEHDEL;6.529999999999999;6.85
06/08/17 02:00;DEZ0326;Eurdep;air;53.74;8.8;0;Germany;0;0;0;WANNA;6.515000000000001;6.790000000000001
06/08/17 02:00;DEZ0327;Eurdep;air;53.64;8.57;0;Germany;0;0;0;WREMEN;7.983;8.18
06/08/17 02:00;DEZ0328;Eurdep;air;53.3;10.05;0;Germany;0;0;0;HANSTEDT/BRACKEL;7.135;7.4799999999999995
06/08/17 02:00;DEZ0330;Eurdep;air;53.43;10.31;0;Germany;0;0;0;DRAGE;7.209999999999999;7.390000000000001
06/08/17 02:00;DEZ0331;Eurdep;air;53.25;9.83;0;Germany;0;0;0;HANDELOH;7.095999999999999;7.35
06/08/17 02:00;DEZ0332;Eurdep;air;53.2;10.05;0;Germany;0;0;0;EGESTORF-SG HANSTEDT;6.734;7.06
06/08/17 02:00;DEZ0335;Eurdep;air;53.4;10.41;0;Germany;0;0;0;TESPE;6.95;7.24
06/08/17 02:00;DEZ0336;Eurdep;air;53.36;10.2;0;Germany;0;0;0;WINSEN (LUHE);7.256;7.5200000000000005
06/08/17 02:00;DEZ0341;Eurdep;air;53.14;11.04;0;Germany;0;0;0;HITZACKER;8.465;8.89
06/08/17 02:00;DEZ0342;Eurdep;air;53.07;11.44;0;Germany;0;0;0;HÖHBECK;6.096;6.42
06/08/17 02:00;DEZ0343;Eurdep;air;52.98;11.07;0;Germany;0;0;0;KÜSTEN;7.156999999999999;7
06/08/17 02:00;DEZ0344;Eurdep;air;52.92;11.28;0;Germany;0;0;0;SCHWESKAU;6.94;7.279999999999999
06/08/17 02:00;DEZ0346;Eurdep;air;53.24;10.87;0;Germany;0;0;0;KATEMIN;6.765000000000001;7.090000000000001
06/08/17 02:00;DEZ0347;Eurdep;air;52.88;10.89;0;Germany;0;0;0;SCHNEGA;6.9030000000000005;7.19
06/08/17 02:00;DEZ0348;Eurdep;air;53;11.32;0;Germany;0;0;0;TREBEL;6.4879999999999995;6.909999999999999
06/08/17 02:00;DEZ0349;Eurdep;air;53.07;10.88;0;Germany;0;0;0;ZERNIEN;6.578;7.0200000000000005
06/08/17 02:00;DEZ0352;Eurdep;air;53.18;10.75;0;Germany;0;0;0;DAHLENBURG;6.984999999999999;7.290000000000001
05/08/17 23:00;DEZ0357;Eurdep;air;53.1;10.22;0;Germany;0;0;0;REHLINGEN;6.44;6.51
06/08/17 02:00;DEZ0362;Eurdep;air;53.5;9.17;0;Germany;0;0;0;BREMERVÖRDE;5.803;6
06/08/17 02:00;DEZ0363;Eurdep;air;53.17;9.67;0;Germany;0;0;0;FINTEL;6.827;7.159999999999999
06/08/17 02:00;DEZ0365;Eurdep;air;53.5;8.97;0;Germany;0;0;0;HIPSTEDT;5.954;6.470000000000001
06/08/17 02:00;DEZ0366;Eurdep;air;53.02;9.39;0;Germany;0;0;0;KIRCHWALSEDE;7.24;7.540000000000001
06/08/17 02:00;DEZ0367;Eurdep;air;53.11;9.4;0;Germany;0;0;0;ROTENBURG;6.008;6.26
06/08/17 02:00;DEZ0372;Eurdep;air;52.99;9.58;0;Germany;0;0;0;VISSELHÖVEDE;6.68;6.88
06/08/17 02:00;DEZ0374;Eurdep;air;53.11;10.08;0;Germany;0;0;0;STEINBECK;5.781000000000001;6.0600000000000005
06/08/17 02:00;DEZ0381;Eurdep;air;53.12;9.8;0;Germany;0;0;0;SCHNEVERDINGEN;7.609;7.83
06/08/17 02:00;DEZ0383;Eurdep;air;52.9;9.46;0;Germany;0;0;0;WALSRODE OT HAMWIEDE;8.306000000000001;8
06/08/17 02:00;DEZ0384;Eurdep;air;52.92;9.97;0;Germany;0;0;0;WIETZENDORF;5.931;6.34
06/08/17 02:00;DEZ0385;Eurdep;air;53.83;9.13;0;Germany;0;0;0;BALJE / STADE;7.331999999999999;7.55
06/08/17 02:00;DEZ0387;Eurdep;air;53.69;9.43;0;Germany;0;0;0;DROCHTERSEN-ASSEL;7.670999999999999;7.959999999999999
06/08/17 02:00;DEZ0388;Eurdep;air;53.52;9.4;0;Germany;0;0;0;FREDENBECK;7.3340000000000005;7.51
06/08/17 02:00;DEZ0390;Eurdep;air;53.63;9.32;0;Germany;0;0;0;HIMMELPFORTEN;6.991;7.209999999999999
06/08/17 02:00;DEZ0391;Eurdep;air;53.59;9.55;0;Germany;0;0;0;HOLLERN-TWIELENFLETH;7.636;7.83
06/08/17 02:00;DEZ0392;Eurdep;air;53.45;9.51;0;Germany;0;0;0;HARSEFELD;7.411;7.63
06/08/17 02:00;DEZ0394;Eurdep;air;53.62;9.53;0;Germany;0;0;0;STADE KKW;7.44;7.67
06/08/17 02:00;DEZ0396;Eurdep;air;53.77;9.32;0;Germany;0;0;0;WISCHHAFEN;7.074;7.26
06/08/17 02:00;DEZ0397;Eurdep;air;53.09;10.57;0;Germany;0;0;0;BAD BEVENSEN OT MEDINGEN;6.936;7.209999999999999
06/08/17 02:00;DEZ0398;Eurdep;air;53.15;10.49;0;Germany;0;0;0;BIENENBÜTTEL;7.3469999999999995;7.75
06/08/17 02:00;DEZ0401;Eurdep;air;53.05;10.38;0;Germany;0;0;0;HANSTEDT 1;5.954;6
06/08/17 02:00;DEZ0402;Eurdep;air;52.8;10.76;0;Germany;0;0;0;LÜDER/LANGENBRÜGGE;6.725;7.109999999999999
06/08/17 02:00;DEZ0407;Eurdep;air;53.05;9.04;0;Germany;0;0;0;OYTEN;7;7.340000000000001
06/08/17 02:00;DEZ0410;Eurdep;air;53.04;8.59;0;Germany;0;0;0;DELMENHORST;6.8870000000000005;7.17
06/08/17 02:00;DEZ0411;Eurdep;air;53.36;7.16;0;Germany;0;0;0;EMDEN / LARRELT;7.699;7.909999999999999
06/08/17 02:00;DEZ0413;Eurdep;air;53.14;8.24;0;Germany;0;0;0;OLDENBURG;6.137;6.459999999999999
06/08/17 02:00;DEZ0414;Eurdep;air;52.26;8.11;0;Germany;0;0;0;OSNABRÜCK-DÜSTRUP;6.593000000000001;6.95
06/08/17 02:00;DEZ0416;Eurdep;air;53.6;8.05;0;Germany;0;0;0;WILHELMSHAVEN-SENGWARDEN;7.142;7.42
31/07/17 00:00;DEZ0418;Eurdep;air;53.25;7.94;0;Germany;0;0;0;WESTERSTEDE;0;0
06/08/17 02:00;DEZ0420;Eurdep;air;53.47;7.5;0;Germany;0;0;0;AURICH;6.617;6.82
06/08/17 02:00;DEZ0421;Eurdep;air;53.54;7.62;0;Germany;0;0;0;AURICH-MIDDELS;5.918;6.220000000000001
06/08/17 02:00;DEZ0422;Eurdep;air;53.73;7.37;0;Germany;0;0;0;BALTRUM;7.409000000000001;7.57
06/08/17 02:00;DEZ0425;Eurdep;air;53.67;7.28;0;Germany;0;0;0;HAGERMARSCH AS HILGENRIEDERSIEL;7.322;7.659999999999999
06/08/17 02:00;DEZ0427;Eurdep;air;53.5;7.1;0;Germany;0;0;0;KRUMMHÖRN-GREETSIEL;6.787000000000001;6.970000000000001
06/08/17 02:00;DEZ0428;Eurdep;air;53.41;7.02;0;Germany;0;0;0;KRUMMHÖRN-CAMPEN;7.959999999999999;8.32
06/08/17 02:00;DEZ0429;Eurdep;air;53.5;7.3;0;Germany;0;0;0;MARIENHAFE/SIEGELSUM;6.2700000000000005;6
06/08/17 02:00;DEZ0433;Eurdep;air;53.71;7.15;0;Germany;0;0;0;NORDERNEY;6.047;6.26
06/08/17 02:00;DEZ0434;Eurdep;air;53.17;7.74;0;Germany;0;0;0;BARßEL-BARßELERMOOR;6.906000000000001;7.13
06/08/17 02:00;DEZ0435;Eurdep;air;52.84;8.01;0;Germany;0;0;0;CLOPPENBURG;6.583;6.959999999999999
06/08/17 02:00;DEZ0438;Eurdep;air;52.92;7.89;0;Germany;0;0;0;Friesoythe-Augustendorf;6.043;6.44
06/08/17 02:00;DEZ0439;Eurdep;air;52.96;8.03;0;Germany;0;0;0;GARREL;5.893;6.14
06/08/17 02:00;DEZ0441;Eurdep;air;52.6;7.4;0;Germany;0;0;0;BAWINKEL;5.659000000000001;6
06/08/17 02:00;DEZ0442;Eurdep;air;52.43;7.51;0;Germany;0;0;0;BEESTEN;6.212;6.58
06/08/17 02:00;DEZ0446;Eurdep;air;52.45;7.31;0;Germany;0;0;0;ELBERGEN-EMSBÜREN;6.57;6.92
06/08/17 02:00;DEZ0448;Eurdep;air;52.84;7.1;0;Germany;0;0;0;HAREN/EMS OT RÜTENBROCK;5.851;6.08
06/08/17 02:00;DEZ0449;Eurdep;air;52.68;7.6;0;Germany;0;0;0;HERZLAKE;6.448;6.75
06/08/17 02:00;DEZ0450;Eurdep;air;52.77;7.46;0;Germany;0;0;0;KLEIN BERßEN;7.192;7.4799999999999995
06/08/17 02:00;DEZ0451;Eurdep;air;52.87;7.33;0;Germany;0;0;0;LATHEN;6.295;6.640000000000001
06/08/17 02:00;DEZ0453;Eurdep;air;52.56;7.53;0;Germany;0;0;0;LENGERICH;6.67;7.17
06/08/17 02:00;DEZ0455;Eurdep;air;52.46;7.37;0;Germany;0;0;0;LINGEN-BRAMSCHE;7.519;7.779999999999999
06/08/17 02:00;DEZ0456;Eurdep;air;52.51;7.29;0;Germany;0;0;0;LINGEN-SCHEPSDORF;5.627000000000001;6.16
06/08/17 02:00;DEZ0458;Eurdep;air;53;7.4;0;Germany;0;0;0;NEULEHE;6.6049999999999995;6.92
06/08/17 02:00;DEZ0467;Eurdep;air;53.79;7.91;0;Germany;0;0;0;WANGEROOGE;6.078;6.25
06/08/17 02:00;DEZ0469;Eurdep;air;53.38;7.96;0;Germany;0;0;0;ZETEL-NEUENBURG;7.195;7.45
06/08/17 02:00;DEZ0470;Eurdep;air;52.32;7.17;0;Germany;0;0;0;BAD BENTHEIM;6.332;6.55
06/08/17 02:00;DEZ0474;Eurdep;air;52.57;7.08;0;Germany;0;0;0;GEORGSDORF;6.118;6.33
06/08/17 02:00;DEZ0478;Eurdep;air;52.46;7.18;0;Germany;0;0;0;NORDHORN-KLAUSHEIDE;6.581;7.390000000000001
06/08/17 02:00;DEZ0479;Eurdep;air;52.47;7.02;0;Germany;0;0;0;NORDHORN-FRENSWEGEN;5.836;6
06/08/17 02:00;DEZ0482;Eurdep;air;53.6;6.7;0;Germany;0;0;0;BORKUM;6.379;6.75
06/08/17 02:00;DEZ0487;Eurdep;air;53.33;7.34;0;Germany;0;0;0;MOORMERLAND-OLDERSUM;7.036;7.2700000000000005
06/08/17 02:00;DEZ0490;Eurdep;air;53.13;7.23;0;Germany;0;0;0;WYMEER;5.096;5.5200000000000005
19/07/17 00:00;DEZ0491;Eurdep;air;52.96;8.63;0;Germany;0;0;0;GROß IPPENER;0;0
06/08/17 02:00;DEZ0492;Eurdep;air;52.94;8.26;0;Germany;0;0;0;GROßENKNETEN;7.261;7.540000000000001
06/08/17 02:00;DEZ0493;Eurdep;air;53.02;8.35;0;Germany;0;0;0;KIRCHHATTEN;6.063000000000001;6.3100000000000005
06/08/17 02:00;DEZ0494;Eurdep;air;53.11;8.46;0;Germany;0;0;0;HUDE;6.42;6.63
06/08/17 02:00;DEZ0495;Eurdep;air;53.06;8.21;0;Germany;0;0;0;WARDENBURG;6.669;6.970000000000001
06/08/17 02:00;DEZ0496;Eurdep;air;52.9;8.43;0;Germany;0;0;0;WILDESHAUSEN;6.839;7.0200000000000005
06/08/17 01:00;DEZ0498;Eurdep;air;52.32;8.34;0;Germany;0;0;0;BAD ESSEN;8.855;9.14
06/08/17 02:00;DEZ0501;Eurdep;air;52.45;7.96;0;Germany;0;0;0;BRAMSCHE-HESEPE;6.540000000000001;6.83
06/08/17 02:00;DEZ0503;Eurdep;air;52.62;7.74;0;Germany;0;0;0;BERGE;7.562;7.890000000000001
06/08/17 02:00;DEZ0505;Eurdep;air;52.38;8.2;0;Germany;0;0;0;OSTERCAPPELN-SCHWAGSTORF;7.385;7.63
06/08/17 02:00;DEZ0506;Eurdep;air;52.67;7.94;0;Germany;0;0;0;QUAKENBRÜCK;6.949;7.290000000000001
06/08/17 02:00;DEZ0510;Eurdep;air;52.71;8.29;0;Germany;0;0;0;VECHTA;7.695;8.14
06/08/17 02:00;DEZ0511;Eurdep;air;53.33;8.48;0;Germany;0;0;0;BRAKE-UNTERWESER;7.959999999999999;8.23
06/08/17 02:00;DEZ0512;Eurdep;air;53.57;8.36;0;Germany;0;0;0;BUTJADINGEN-BURHAVE;7.994;8.16
06/08/17 02:00;DEZ0514;Eurdep;air;53.25;8.47;0;Germany;0;0;0;ELSFLETH-LIENEN;8.584;8.809999999999999
06/08/17 02:00;DEZ0515;Eurdep;air;53.34;8.19;0;Germany;0;0;0;JADE-JADERBERG;6.35;6.55
06/08/17 02:00;DEZ0518;Eurdep;air;53.27;8.32;0;Germany;0;0;0;OVELGÖNNE-GROßENMEER;7.293000000000001;7.529999999999999
06/08/17 02:00;DEZ0519;Eurdep;air;53.46;8.36;0;Germany;0;0;0;STADLAND-SEEFELD;8.161;8.49
06/08/17 02:00;DEZ0521;Eurdep;air;53.65;7.61;0;Germany;0;0;0;ESENS;5.779;6
06/08/17 02:00;DEZ0525;Eurdep;air;53.77;7.69;0;Germany;0;0;0;SPIEKEROOG;6.196;6.35
06/08/17 02:00;DEZ0531;Eurdep;air;53.6;8.53;0;Germany;0;0;0;BREMERHAVEN-WEDDEWARDEN;7.615;7.92
06/08/17 02:00;DEZ0532;Eurdep;air;53.5;8.57;0;Germany;0;0;0;BREMERHAVEN-LUNEPLATE;6.5200000000000005;6.7299999999999995
06/08/17 02:00;DEZ0533;Eurdep;air;53.55;8.6;0;Germany;0;0;0;BREMERHAVEN-GEESTEMÜNDE;6.461;6.67
06/08/17 02:00;DEZ0540;Eurdep;air;51.3;6.54;0;Germany;0;0;0;KREFELD-FISCHELN;8.485;10
06/08/17 02:00;DEZ0541;Eurdep;air;51.18;6.4;0;Germany;0;0;0;MÖNCHENGLADBACH;8.034;9
06/08/17 02:00;DEZ0543;Eurdep;air;51.19;7.27;0;Germany;0;0;0;REMSCHEID-LENNEP;10.434000000000001;11
06/08/17 02:00;DEZ0545;Eurdep;air;51.3;7.2;0;Germany;0;0;0;WUPPERTAL-BARMEN;9.73;11
06/08/17 02:00;DEZ0553;Eurdep;air;51.59;6.21;0;Germany;0;0;0;KEVELAER;7.42;7.94
06/08/17 02:00;DEZ0560;Eurdep;air;51.28;7.03;0;Germany;0;0;0;WÜLFRATH;9.206999999999999;10
06/08/17 02:00;DEZ0562;Eurdep;air;51.1;6.5600000000000005;0;Germany;0;0;0;GREVENBROICH-FÜRTH;10.135;11
06/08/17 02:00;DEZ0566;Eurdep;air;51.24;6.18;0;Germany;0;0;0;BRÜGGEN;6.945;7.93
06/08/17 02:00;DEZ0567;Eurdep;air;51.34;6.33;0;Germany;0;0;0;GREFRATH;8.796;10
06/08/17 02:00;DEZ0572;Eurdep;air;51.73;6.73;0;Germany;0;0;0;HAMMINKELN-MARIENTHAL;6.970999999999999;7.459999999999999
06/08/17 02:00;DEZ0582;Eurdep;air;50.99;6.95;0;Germany;0;0;0;KÖLN-WEIDENPESCH;8.818000000000001;9.879999999999999
06/08/17 02:00;DEZ0585;Eurdep;air;50.6;6.29;0;Germany;0;0;0;SIMMERATH;9.386;10
06/08/17 02:00;DEZ0588;Eurdep;air;50.92;6.33;0;Germany;0;0;0;JÜLICH-KOSLAR;10.145999999999999;11
06/08/17 02:00;DEZ0589;Eurdep;air;50.96;6.43;0;Germany;0;0;0;JÜLICH-GÜSTEN;9.849;11
06/08/17 02:00;DEZ0594;Eurdep;air;51.01;6.43;0;Germany;0;0;0;TITZ;10.472;11
06/08/17 02:00;DEZ0599;Eurdep;air;51.01;6.82;0;Germany;0;0;0;PULHEIM-SINNERSDORF;8.315000000000001;9.25
03/08/17 00:00;DEZ0606;Eurdep;air;51.01;6.04;0;Germany;0;0;0;GANGELT-BIRGDEN;0;0
06/08/17 02:00;DEZ0607;Eurdep;air;51.04;6.13;0;Germany;0;0;0;HEINSBERG-HÜLHOVEN;9.598;10
06/08/17 02:00;DEZ0615;Eurdep;air;50.63;7.22;0;Germany;0;0;0;BAD HONNEF;8.276;8.540000000000001
06/08/17 02:00;DEZ0616;Eurdep;air;50.78;7.01;0;Germany;0;0;0;BORNHEIM;8.095;8.58
06/08/17 02:00;DEZ0618;Eurdep;air;50.79;7.28;0;Germany;0;0;0;HENNEF/SIEG;7.877;8.17
06/08/17 02:00;DEZ0623;Eurdep;air;51.56;7.07;0;Germany;0;0;0;GELSENKIRCHEN;7.625;8.67
06/08/17 02:00;DEZ0624;Eurdep;air;52;7.59;0;Germany;0;0;0;MÜNSTER-KINDERHAUS;8.192;8.42
06/08/17 02:00;DEZ0627;Eurdep;air;52.13;6.91;0;Germany;0;0;0;AHAUS-ALSTÄTTE;6.5200000000000005;6.7700000000000005
06/08/17 02:00;DEZ0628;Eurdep;air;52.04;6.93;0;Germany;0;0;0;AHAUS-OTTENSTEIN;6.705;7.12
06/08/17 02:00;DEZ0632;Eurdep;air;51.83;6.79;0;Germany;0;0;0;BORKEN-RHEDEBRÜGGE;6.7909999999999995;7.159999999999999
06/08/17 02:00;DEZ0633;Eurdep;air;51.95;6.99;0;Germany;0;0;0;GESCHER;7.19;7.609999999999999
06/08/17 02:00;DEZ0634;Eurdep;air;52.2;7.03;0;Germany;0;0;0;GRONAU;7.134;7.590000000000001
06/08/17 01:00;DEZ0635;Eurdep;air;52.22;7.01;0;Germany;0;0;0;GRONAU-SPECHTHOLTSHOOK;7.19;7.409999999999999
06/08/17 02:00;DEZ0636;Eurdep;air;52.17;7.06;0;Germany;0;0;0;GRONAU-EPE;6.184;6
06/08/17 02:00;DEZ0637;Eurdep;air;52.13;7.1;0;Germany;0;0;0;HEEK;6.712000000000001;6.99
06/08/17 02:00;DEZ0638;Eurdep;air;52.12;7.05;0;Germany;0;0;0;HEEK-AHLE;5.720000000000001;6
06/08/17 02:00;DEZ0640;Eurdep;air;52.05;7.15;0;Germany;0;0;0;LEGDEN-ASBECK;7.356;7.959999999999999
06/08/17 02:00;DEZ0644;Eurdep;air;51.94;6.8100000000000005;0;Germany;0;0;0;SÜDLOHN-OEDING;7.978;8.51
06/08/17 02:00;DEZ0646;Eurdep;air;52.1;6.85;0;Germany;0;0;0;VREDEN-LÜNTEN;7.922;8.23
06/08/17 02:00;DEZ0647;Eurdep;air;51.79;7.62;0;Germany;0;0;0;ASCHEBERG;6.689;7
06/08/17 02:00;DEZ0651;Eurdep;air;52.03;7.27;0;Germany;0;0;0;ROSENDAHL-DARFELD;6.794;7.459999999999999
06/08/17 02:00;DEZ0652;Eurdep;air;51.85;7.48;0;Germany;0;0;0;SENDEN;7.081;7.529999999999999
06/08/17 02:00;DEZ0653;Eurdep;air;51.54;7.33;0;Germany;0;0;0;CASTROP-RAUXEL;9.352;10
06/08/17 02:00;DEZ0654;Eurdep;air;51.67;7.36;0;Germany;0;0;0;DATTELN;6.734999999999999;7.76
06/08/17 02:00;DEZ0655;Eurdep;air;51.66;7;0;Germany;0;0;0;DORSTEN;6.867;7.51
06/08/17 02:00;DEZ0656;Eurdep;air;51.73;7.2;0;Germany;0;0;0;HALTERN;6.805;7.75
06/08/17 02:00;DEZ0657;Eurdep;air;51.65;7.16;0;Germany;0;0;0;MARL;7.101000000000001;8.040000000000001
06/08/17 02:00;DEZ0660;Eurdep;air;52.13;7.7;0;Germany;0;0;0;GREVEN FLUGHAFEN MS OS;8.535;9.209999999999999
06/08/17 02:00;DEZ0661;Eurdep;air;52.33;7.5;0;Germany;0;0;0;HÖRSTEL-DREIERWALDE;7.184;7.659999999999999
06/08/17 02:00;DEZ0664;Eurdep;air;52.11;7.88;0;Germany;0;0;0;LIENEN-KATTENVENNE;8.552;8.95
06/08/17 02:00;DEZ0666;Eurdep;air;52.21;7.19;0;Germany;0;0;0;OCHTRUP;7.215000000000001;7.51
06/08/17 02:00;DEZ0668;Eurdep;air;52.16;7.33;0;Germany;0;0;0;STEINFURT-BURGSTEINFURT;7.773999999999999;8.05
06/08/17 02:00;DEZ0672;Eurdep;air;51.89;8.04;0;Germany;0;0;0;ENNIGERLOH-WESTKIRCHEN;7.712000000000001;8.35
06/08/17 02:00;DEZ0673;Eurdep;air;51.91;7.8100000000000005;0;Germany;0;0;0;EVERSWINKEL-ALVERSKIRCHEN;6.379;7.06
06/08/17 02:00;DEZ0674;Eurdep;air;51.8;8.2;0;Germany;0;0;0;OELDE-STROMBERG;7.526000000000001;8.120000000000001
06/08/17 02:00;DEZ0675;Eurdep;air;52.05;8.03;0;Germany;0;0;0;SASSENBERG-FÜCHTORF;6.575;7.040000000000001
06/08/17 02:00;DEZ0679;Eurdep;air;52.05;8.3;0;Germany;0;0;0;HALLE-HÖRSTE;6.955;7.19
06/08/17 02:00;DEZ0680;Eurdep;air;51.97;8.22;0;Germany;0;0;0;HARSEWINKEL;6.272;6.859999999999999
06/08/17 02:00;DEZ0682;Eurdep;air;51.92;8.66;0;Germany;0;0;0;SCHLOß HOLTE-STUKENBROCK;6.539;7.15
06/08/17 02:00;DEZ0685;Eurdep;air;52.23;8.47;0;Germany;0;0;0;RÖDINGHAUSEN;8.615;9.09
06/08/17 02:00;DEZ0686;Eurdep;air;52.12;8.49;0;Germany;0;0;0;SPENGE-LENZINGHAUSEN;8.594;8.959999999999999
06/08/17 02:00;DEZ0687;Eurdep;air;52.17;8.86;0;Germany;0;0;0;VLOTHO;9.76;10
06/08/17 02:00;DEZ0688;Eurdep;air;51.74;9.01;0;Germany;0;0;0;BAD DRIBURG;9.993;11
06/08/17 02:00;DEZ0692;Eurdep;air;51.79;9.4;0;Germany;0;0;0;HÖXTER;10.145999999999999;11
06/08/17 02:00;DEZ0693;Eurdep;air;51.82;9.24;0;Germany;0;0;0;MARIENMÜNSTER-VÖRDEN;11.091;12
06/08/17 02:00;DEZ0694;Eurdep;air;51.88;9.08;0;Germany;0;0;0;STEINHEIM;9.131;10
06/08/17 02:00;DEZ0702;Eurdep;air;52.02;8.91;0;Germany;0;0;0;LEMGO;7.0680000000000005;7.65
06/08/17 02:00;DEZ0705;Eurdep;air;52.26;8.75;0;Germany;0;0;0;BAD OEYNHAUSEN-WULFERD.;8.11;9.02
06/08/17 02:00;DEZ0707;Eurdep;air;52.31;8.61;0;Germany;0;0;0;LÜBBECKE;8.84;9.39
06/08/17 02:00;DEZ0708;Eurdep;air;52.38;8.99;0;Germany;0;0;0;PETERSHAGEN-LAHDE;8.477;8.89
06/08/17 02:00;DEZ0709;Eurdep;air;52.43;8.6;0;Germany;0;0;0;RAHDEN;6.438;6.68
06/08/17 02:00;DEZ0710;Eurdep;air;52.37;8.46;0;Germany;0;0;0;STEMWEDE-LEVERN;6.94;7.26
06/08/17 02:00;DEZ0711;Eurdep;air;51.55;8.55;0;Germany;0;0;0;BÜREN;7.955;9.75
06/08/17 02:00;DEZ0712;Eurdep;air;51.76;8.56;0;Germany;0;0;0;DELBRÜCK;6.093;6.93
06/08/17 02:00;DEZ0714;Eurdep;air;51.62;8.89;0;Germany;0;0;0;LICHTENAU;8.779;10
06/08/17 02:00;DEZ0719;Eurdep;air;51.43;7.19;0;Germany;0;0;0;BOCHUM;9.753;11
06/08/17 02:00;DEZ0721;Eurdep;air;51.47;7.6;0;Germany;0;0;0;DORTMUND-LICHTENDORF;9.906;11
06/08/17 02:00;DEZ0726;Eurdep;air;51.36;7.3;0;Germany;0;0;0;SPROCKHÖVEL-HIDDINGHAUSEN;8.764;10
06/08/17 02:00;DEZ0730;Eurdep;air;51.39;8.58;0;Germany;0;0;0;BRILON;9.239;10
06/08/17 02:00;DEZ0733;Eurdep;air;51.47;8.85;0;Germany;0;0;0;MARSBERG;10.363;11
15/07/17 00:00;DEZ0737;Eurdep;air;51.16;8.29;0;Germany;0;0;0;SCHMALLENBERG;0;0
06/08/17 02:00;DEZ0739;Eurdep;air;51.32;8;0;Germany;0;0;0;SUNDERN;8.958;10
06/08/17 02:00;DEZ0748;Eurdep;air;51.12;7.88;0;Germany;0;0;0;ATTENDORN-NEULISTERNOHL;9.623000000000001;10
06/08/17 02:00;DEZ0750;Eurdep;air;51.08;8.1;0;Germany;0;0;0;KIRCHHUNDEM;11.527;12
06/08/17 02:00;DEZ0752;Eurdep;air;50.98;7.85;0;Germany;0;0;0;WENDEN-GERLINGEN;10.814;11
06/08/17 02:00;DEZ0753;Eurdep;air;51.08;8.42;0;Germany;0;0;0;BAD BERLEBURG-WEMLIGHAUSEN;10.355;10
06/08/17 02:00;DEZ0761;Eurdep;air;51.66;8.05;0;Germany;0;0;0;LIPPETAL-LIPPBORG;7.029999999999999;8.190000000000001
06/08/17 02:00;DEZ0763;Eurdep;air;51.69;8.44;0;Germany;0;0;0;LIPPSTADT-HÖRSTE;6.454000000000001;7.7299999999999995
06/08/17 02:00;DEZ0766;Eurdep;air;51.5;8.44;0;Germany;0;0;0;RÜTHEN;8.440999999999999;9.53
06/08/17 02:00;DEZ0767;Eurdep;air;51.43;8.34;0;Germany;0;0;0;WARSTEIN;9.415000000000001;11
06/08/17 02:00;DEZ0771;Eurdep;air;51.62;7.52;0;Germany;0;0;0;LÜNEN;7.486;8.64
06/08/17 02:00;DEZ0772;Eurdep;air;51.54;7.73;0;Germany;0;0;0;UNNA-MÜHLHAUSEN;8.936;10
06/08/17 01:00;DEZ0775;Eurdep;air;50.16;8.65;0;Germany;0;0;0;FRANKFURT A.M. ST ESCHERSHEIM;9.370000000000001;10
06/08/17 02:00;DEZ0778;Eurdep;air;50.02;8.53;0;Germany;0;0;0;FRANKFURT A.M.;7.577;8.709999999999999
06/08/17 02:00;DEZ0781;Eurdep;air;50.09;8.22;0;Germany;0;0;0;WIESBADEN;9.775;10
06/08/17 02:00;DEZ0786;Eurdep;air;49.67;8.53;0;Germany;0;0;0;EINHAUSEN;8.466;9.77
06/08/17 02:00;DEZ0790;Eurdep;air;49.59;8.81;0;Germany;0;0;0;WALDMICHELBACH ST GADERN;11.177;11
06/08/17 02:00;DEZ0791;Eurdep;air;49.74;8.62;0;Germany;0;0;0;ALSBACH-HÄHNLEIN;9.273;9.65
06/08/17 02:00;DEZ0794;Eurdep;air;49.8;8.64;0;Germany;0;0;0;PFUNGSTADT;9.120000000000001;9.370000000000001
06/08/17 02:00;DEZ0796;Eurdep;air;49.77;8.48;0;Germany;0;0;0;BIEBESHEIM;9.040000000000001;9
06/08/17 02:00;DEZ0797;Eurdep;air;49.91;8.48;0;Germany;0;0;0;GROß-GERAU;9.453;9.89
06/08/17 02:00;DEZ0798;Eurdep;air;49.97;8.58;0;Germany;0;0;0;MÖRFELDEN-WALLDORF;7.695;9.26
06/08/17 02:00;DEZ0799;Eurdep;air;49.84;8.45;0;Germany;0;0;0;RIEDSTADT;8.915000000000001;9.290000000000001
06/08/17 02:00;DEZ0803;Eurdep;air;50.31;8.56;0;Germany;0;0;0;WEHRHEIM;9.715;10
06/08/17 02:00;DEZ0805;Eurdep;air;50.12;9.47;0;Germany;0;0;0;FLÖRSBACHTAL OT LOHRHAUPTEN;9.904;10
06/08/17 02:00;DEZ0807;Eurdep;air;50.2;9.18;0;Germany;0;0;0;GELNHAUSEN;9.770999999999999;10
06/08/17 02:00;DEZ0811;Eurdep;air;50.35;9.53;0;Germany;0;0;0;SCHLÜCHTERN;10.805;11
06/08/17 02:00;DEZ0812;Eurdep;air;50.26;9.52;0;Germany;0;0;0;STEINAU A.D.STR. OT MARJOß;9.107;9.879999999999999
06/08/17 02:00;DEZ0813;Eurdep;air;50.27;9.32;0;Germany;0;0;0;WÄCHTERSBACH;9.908;10
06/08/17 02:00;DEZ0814;Eurdep;air;50.06;8.37;0;Germany;0;0;0;HOFHEIM A.T. /WALLAU;10.015;10
06/08/17 02:00;DEZ0816;Eurdep;air;49.81;9.05;0;Germany;0;0;0;BREUBERG OT RAI-BREITENBACH;10.095;10
06/08/17 02:00;DEZ0818;Eurdep;air;49.72;8.84;0;Germany;0;0;0;REICHELSHEIM (ODW);11.455;11
06/08/17 02:00;DEZ0819;Eurdep;air;49.5;8.92;0;Germany;0;0;0;ROTHENBERG;8.449;9.11
06/08/17 02:00;DEZ0820;Eurdep;air;50.02;8.8;0;Germany;0;0;0;DIETZENBACH;8.071;8.540000000000001
06/08/17 02:00;DEZ0821;Eurdep;air;49.96;8.66;0;Germany;0;0;0;EGELSBACH;9.087;10
06/08/17 02:00;DEZ0823;Eurdep;air;50.05;8.97;0;Germany;0;0;0;SELIGENSTADT;9.290000000000001;10
06/08/17 02:00;DEZ0824;Eurdep;air;50.16;8.06;0;Germany;0;0;0;BAD SCHWALBACH;10.261;10
06/08/17 02:00;DEZ0830;Eurdep;air;50.29;8.95;0;Germany;0;0;0;ALTENSTADT;10.45;10
06/08/17 02:00;DEZ0832;Eurdep;air;50.29;9.11;0;Germany;0;0;0;BÜDINGEN;9.855;10
06/08/17 02:00;DEZ0835;Eurdep;air;50.32;8.75;0;Germany;0;0;0;FRIEDBERG (HESSEN);9.26;9.53
06/08/17 02:00;DEZ0836;Eurdep;air;50.39;9.14;0;Germany;0;0;0;HIRZENHAIN;9.483;9.85
06/08/17 02:00;DEZ0840;Eurdep;air;50.47;8.89;0;Germany;0;0;0;HUNGEN;9.638;9.91
06/08/17 02:00;DEZ0847;Eurdep;air;50.58;8.29;0;Germany;0;0;0;GREIFENSTEIN;9.812999999999999;10
06/08/17 02:00;DEZ0850;Eurdep;air;50.3;8.27;0;Germany;0;0;0;BAD CAMBERG;10.141;10
06/08/17 02:00;DEZ0851;Eurdep;air;50.44;8.03;0;Germany;0;0;0;HADAMAR;10.155;10
06/08/17 02:00;DEZ0853;Eurdep;air;50.48;8.24;0;Germany;0;0;0;WEILBURG;10.421;11
06/08/17 02:00;DEZ0854;Eurdep;air;50.43;8.38;0;Germany;0;0;0;WEILMÜNSTER;9.773;10
06/08/17 02:00;DEZ0858;Eurdep;air;50.69;8.61;0;Germany;0;0;0;LOHRA OT KIRCHVERS;9.656;10
06/08/17 02:00;DEZ0859;Eurdep;air;50.79;8.77;0;Germany;0;0;0;MARBURG;8.905;9.25
06/08/17 02:00;DEZ0860;Eurdep;air;50.82;8.99;0;Germany;0;0;0;STADTALLENDORF;8.679;8.95
06/08/17 02:00;DEZ0862;Eurdep;air;50.72;9.25;0;Germany;0;0;0;ALSFELD;11.723;13
06/08/17 02:00;DEZ0864;Eurdep;air;50.69;9.05;0;Germany;0;0;0;GEMÜNDEN (FELDA);8.168000000000001;9.76
06/08/17 02:00;DEZ0865;Eurdep;air;50.63;9.39;0;Germany;0;0;0;LAUTERBACH;8.245999999999999;8.809999999999999
06/08/17 02:00;DEZ0866;Eurdep;air;50.67;9.57;0;Germany;0;0;0;SCHLITZ;10.11;11
06/08/17 02:00;DEZ0874;Eurdep;air;50.5;9.94;0;Germany;0;0;0;GERSFELD/RHÖN;9.275;11
06/08/17 02:00;DEZ0882;Eurdep;air;50.65;10.02;0;Germany;0;0;0;TANN (RHÖN);10.686;11
06/08/17 02:00;DEZ0893;Eurdep;air;51.25;9.37;0;Germany;0;0;0;BAUNATAL OT GROßENRITTE;9.395999999999999;9.84
06/08/17 02:00;DEZ0899;Eurdep;air;51.49;9.59;0;Germany;0;0;0;REINHARDSHAGEN OT VECKERHAGEN;8.715;9.120000000000001
06/08/17 02:00;DEZ0903;Eurdep;air;51.37;9.3;0;Germany;0;0;0;ZIERENBERG;10.348;10
06/08/17 02:00;DEZ0905;Eurdep;air;51.02;9.41;0;Germany;0;0;0;HOMBERG (EFZE);10.732;11
06/08/17 02:00;DEZ0911;Eurdep;air;51.38;9;0;Germany;0;0;0;BAD AROLSEN;9.966;10
06/08/17 02:00;DEZ0913;Eurdep;air;51.01;8.63;0;Germany;0;0;0;BATTENBERG (EDER);10.327;10
06/08/17 02:00;DEZ0914;Eurdep;air;51.36;8.81;0;Germany;0;0;0;DIEMELSEE OT ADORF;10.056999999999999;10
06/08/17 02:00;DEZ0918;Eurdep;air;50.97;8.98;0;Germany;0;0;0;GEMÜNDEN (WOHRA);10.373999999999999;10
06/08/17 02:00;DEZ0920;Eurdep;air;51.2;8.8;0;Germany;0;0;0;LICHTENFELS ST GODDELSHEIM;9.814;10
06/08/17 02:00;DEZ0921;Eurdep;air;51.23;9.09;0;Germany;0;0;0;WALDECK OT NETZE;10.189;10
06/08/17 02:00;DEZ0922;Eurdep;air;51.28;8.66;0;Germany;0;0;0;WILLINGEN OT USSELN;11.081999999999999;11
06/08/17 02:00;DEZ0926;Eurdep;air;51.04;10.15;0;Germany;0;0;0;HERLESHAUSEN;10.08;10
06/08/17 02:00;DEZ0927;Eurdep;air;51.2;9.65;0;Germany;0;0;0;HESSISCH LICHTENAU OT QUENTEL;10.759;11
06/08/17 02:00;DEZ0928;Eurdep;air;51.24;10.06;0;Germany;0;0;0;MEINHARD OT HITZELRODE;10.334999999999999;11
06/08/17 02:00;DEZ0931;Eurdep;air;51.19;10.18;0;Germany;0;0;0;WANFRIED;11.309000000000001;12
06/08/17 02:00;DEZ0932;Eurdep;air;51.35;9.86;0;Germany;0;0;0;WITZENHAUSEN;10.882;11
06/08/17 02:00;DEZ0933;Eurdep;air;50.51;6.99;0;Germany;0;0;0;ALTENAHR-ALTENBURG;10.773;11
06/08/17 02:00;DEZ0935;Eurdep;air;50.46;7.21;0;Germany;0;0;0;NIEDERZISSEN;11.236;11
06/08/17 02:00;DEZ0942;Eurdep;air;49.79;7.49;0;Germany;0;0;0;KIRN/NAHE;10.108;10
06/08/17 02:00;DEZ0943;Eurdep;air;49.95;7.79;0;Germany;0;0;0;STROMBERG;9.959999999999999;10
06/08/17 02:00;DEZ0945;Eurdep;air;49.88;7.63;0;Germany;0;0;0;WINTERBACH;10.876999999999999;11
06/08/17 02:00;DEZ0949;Eurdep;air;49.7;7.35;0;Germany;0;0;0;IDAR-OBERSTEIN;10.123000000000001;10
06/08/17 02:00;DEZ0950;Eurdep;air;49.86;7.34;0;Germany;0;0;0;RHAUNEN/HUNSRÜCK;10.923;11
06/08/17 02:00;DEZ0954;Eurdep;air;50.22;6.98;0;Germany;0;0;0;ULMEN;10.509;10
06/08/17 02:00;DEZ0957;Eurdep;air;50.32;7.22;0;Germany;0;0;0;MAYEN;11.536;11
06/08/17 02:00;DEZ0959;Eurdep;air;50.41;7.55;0;Germany;0;0;0;KALTENENGERS;10.17;10
06/08/17 02:00;DEZ0960;Eurdep;air;50.39;7.5;0;Germany;0;0;0;MÜLHEIM-KÄRLICH;12.036;12
06/08/17 02:00;DEZ0961;Eurdep;air;50.34;7.46;0;Germany;0;0;0;WOLKEN;11.876999999999999;12
06/08/17 02:00;DEZ0962;Eurdep;air;50.24;7.36;0;Germany;0;0;0;MÜNSTERMAIFELD;11.35;11
06/08/17 02:00;DEZ0965;Eurdep;air;50.56;7.29;0;Germany;0;0;0;LINZ AM RHEIN;9.357;9.91
06/08/17 02:00;DEZ0966;Eurdep;air;50.43;7.48;0;Germany;0;0;0;NEUWIED;10.555;11
06/08/17 02:00;DEZ0967;Eurdep;air;50.17;7.5600000000000005;0;Germany;0;0;0;HALSENBACH;11.409;11
06/08/17 02:00;DEZ0968;Eurdep;air;50.07;7.45;0;Germany;0;0;0;KASTELLAUN;11.440999999999999;11
06/08/17 02:00;DEZ0969;Eurdep;air;49.91;7.51;0;Germany;0;0;0;MENGERSCHIED;11.195;11
06/08/17 02:00;DEZ0970;Eurdep;air;49.98;7.52;0;Germany;0;0;0;SIMMERN;10.876999999999999;11
06/08/17 02:00;DEZ0973;Eurdep;air;50.35;7.89;0;Germany;0;0;0;HOLZAPPEL;11.168000000000001;11
06/08/17 02:00;DEZ0974;Eurdep;air;50.27;7.98;0;Germany;0;0;0;KATZENELNBOGEN;12.209;12
06/08/17 02:00;DEZ0975;Eurdep;air;50.32;7.59;0;Germany;0;0;0;LAHNSTEIN;10.071;10
06/08/17 02:00;DEZ0976;Eurdep;air;50.2;7.86;0;Germany;0;0;0;NASTÄTTEN;9.940999999999999;10
06/08/17 02:00;DEZ0977;Eurdep;air;50.15;7.73;0;Germany;0;0;0;ST. GOARSHAUSEN;11.455;11
06/08/17 02:00;DEZ0978;Eurdep;air;50.27;7.83;0;Germany;0;0;0;SINGHOFEN;10.245000000000001;10
06/08/17 02:00;DEZ0984;Eurdep;air;50.65;7.72;0;Germany;0;0;0;WAHLROD;9.626999999999999;9.959999999999999
06/08/17 02:00;DEZ0985;Eurdep;air;49.75;6.66;0;Germany;0;0;0;TRIER;10.523;10
06/08/17 02:00;DEZ0988;Eurdep;air;50.09;6.8100000000000005;0;Germany;0;0;0;MANDERSCHEID;10.119;10
06/08/17 02:00;DEZ0989;Eurdep;air;49.86;6.9;0;Germany;0;0;0;NEUMAGEN-DHRON;10.605;11
06/08/17 02:00;DEZ0994;Eurdep;air;50.02;6.23;0;Germany;0;0;0;KARLSHAUSEN;11.023;11
06/08/17 02:00;DEZ0997;Eurdep;air;49.94;6.64;0;Germany;0;0;0;SPEICHER;10.931999999999999;11
06/08/17 02:00;DEZ0998;Eurdep;air;49.97;6.19;0;Germany;0;0;0;WALDHOF-FALKENSTEIN;10.491;10
06/08/17 02:00;DEZ1000;Eurdep;air;50.3;6.34;0;Germany;0;0;0;AUW BEI PRÜM;9.553;10
06/08/17 02:00;DEZ1003;Eurdep;air;50.1;6.45;0;Germany;0;0;0;FEUERSCHEID;9.555;10
06/08/17 02:00;DEZ1004;Eurdep;air;50.16;6.22;0;Germany;0;0;0;GROßKAMPENBERG;10.201;10
06/08/17 02:00;DEZ1006;Eurdep;air;50.21;6.42;0;Germany;0;0;0;PRÜM;10.518;10
06/08/17 02:00;DEZ1008;Eurdep;air;50.29;6.67;0;Germany;0;0;0;HILLESHEIM;10.014;10
06/08/17 02:00;DEZ1009;Eurdep;air;50.35;6.57;0;Germany;0;0;0;JÜNKERATH;10.805;11
06/08/17 02:00;DEZ1011;Eurdep;air;50.33;6.45;0;Germany;0;0;0;ORMONT;9.454;9
06/08/17 02:00;DEZ1016;Eurdep;air;49.6;6.5600000000000005;0;Germany;0;0;0;SAARBURG;10.268;10
06/08/17 02:00;DEZ1019;Eurdep;air;49.67;6.52;0;Germany;0;0;0;TAWERN;9.891;10
06/08/17 02:00;DEZ1021;Eurdep;air;49.6;6.42;0;Germany;0;0;0;WINCHERINGEN;11.195;11
06/08/17 02:00;DEZ1022;Eurdep;air;49.6;6.69;0;Germany;0;0;0;ZERF;9.715;9.91
06/08/17 02:00;DEZ1028;Eurdep;air;49.2;7.62;0;Germany;0;0;0;PIRMASENS;11.227;11
06/08/17 02:00;DEZ1030;Eurdep;air;49.67;8.35;0;Germany;0;0;0;WORMS;8.86;9.209999999999999
06/08/17 02:00;DEZ1031;Eurdep;air;49.76;8.34;0;Germany;0;0;0;ALSHEIM;9.275;9.66
06/08/17 01:00;DEZ1032;Eurdep;air;49.74;8.12;0;Germany;0;0;0;ALZEY;12.733;13
06/08/17 02:00;DEZ1034;Eurdep;air;49.77;7.95;0;Germany;0;0;0;STEIN-BOCKENHEIM;10.741;11
06/08/17 02:00;DEZ1036;Eurdep;air;49.47;8.19;0;Germany;0;0;0;BAD DÜRKHEIM;9.223;9
06/08/17 02:00;DEZ1037;Eurdep;air;49.35;7.94;0;Germany;0;0;0;ELMSTEIN;9.876000000000001;10
06/08/17 02:00;DEZ1038;Eurdep;air;49.57;8.18;0;Germany;0;0;0;GRÜNSTADT;9.619;10
06/08/17 02:00;DEZ1039;Eurdep;air;49.41;8.01;0;Germany;0;0;0;WEIDENTHAL;9.254000000000001;10
06/08/17 02:00;DEZ1041;Eurdep;air;49.66;8.01;0;Germany;0;0;0;KIRCHHEIMBOLANDEN;12.331999999999999;12
06/08/17 02:00;DEZ1042;Eurdep;air;49.73;7.78;0;Germany;0;0;0;OBERMOSCHEL;12.364;12
06/08/17 02:00;DEZ1043;Eurdep;air;49.6;7.78;0;Germany;0;0;0;GUNDERSWEILER;11.668000000000001;12
06/08/17 02:00;DEZ1045;Eurdep;air;49.21;8.36;0;Germany;0;0;0;GERMERSHEIM;8.879999999999999;9.52
06/08/17 02:00;DEZ1046;Eurdep;air;48.99;8.24;0;Germany;0;0;0;NEUBURG AM RHEIN;8.925;9.52
06/08/17 02:00;DEZ1049;Eurdep;air;49.05;8.25;0;Germany;0;0;0;WÖRTH AM RHEIN;7.995;8.309999999999999
