date;id_station;id_network;type;latitude;longitude;altitude;country;area_adm_1;area_adm_2;area_adm_3;name;value;value_max
14/07/17 14:00;DEZ0001;Eurdep;air;54.78;9.38;0;Germany;0;0;0;FLENSBURG;7.331;7.58
14/07/17 14:00;DEZ0005;Eurdep;air;54.02;9.05;0;Germany;0;0;0;BARLT;7.864;8.03
14/07/17 14:00;DEZ0008;Eurdep;air;54.17;9.33;0;Germany;0;0;0;BUNSOH;6.69;6.88
14/07/17 14:00;DEZ0012;Eurdep;air;54.19;9.15;0;Germany;0;0;0;HEIDE;6.5569999999999995;6.75
14/07/17 14:00;DEZ0013;Eurdep;air;54.35;9.02;0;Germany;0;0;0;LEHE;6.991;7
14/07/17 14:00;DEZ0017;Eurdep;air;54.21;8.92;0;Germany;0;0;0;WESSELBUREN;7.37;7.7299999999999995
14/07/17 14:00;DEZ0032;Eurdep;air;53.39;10.49;0;Germany;0;0;0;SCHNAKENBEK;7.128;7.42
14/07/17 14:00;DEZ0034;Eurdep;air;53.44;10.45;0;Germany;0;0;0;WIERSHOP;8.367;8.67
14/07/17 14:00;DEZ0038;Eurdep;air;54.77;8.29;0;Germany;0;0;0;HÖRNUM / SYLT;4.915;5.26
14/07/17 14:00;DEZ0044;Eurdep;air;54.65;8.35;0;Germany;0;0;0;NEBEL / AMRUM;6.205;6.43
14/07/17 14:00;DEZ0048;Eurdep;air;54.52;8.67;0;Germany;0;0;0;PELLWORM;8.309000000000001;8.57
14/07/17 13:00;DEZ0055;Eurdep;air;54.86;9.01;0;Germany;0;0;0;WESTRE;6.215;6.36
14/07/17 14:00;DEZ0057;Eurdep;air;54.5;11.24;0;Germany;0;0;0;MARIENLEUCHTE / FEHMARN;8;8.67
14/07/17 14:00;DEZ0059;Eurdep;air;54.2;11.09;0;Germany;0;0;0;DAHME;7.545999999999999;7.859999999999999
14/07/17 14:00;DEZ0060;Eurdep;air;54.15;10.6;0;Germany;0;0;0;EUTIN;7.619;7.909999999999999
14/07/17 14:00;DEZ0062;Eurdep;air;54.38;10.95;0;Germany;0;0;0;HEILIGENHAFEN;8.293000000000001;8.58
14/07/17 14:00;DEZ0068;Eurdep;air;53.9;10.66;0;Germany;0;0;0;STOCKELSDORF;6.8790000000000004;7.24
14/07/17 14:00;DEZ0072;Eurdep;air;53.86;9.74;0;Germany;0;0;0;BOKEL;6.193;6.39
14/07/17 15:00;DEZ0074;Eurdep;air;54.17;7.89;0;Germany;0;0;0;HELGOLAND / UNTERLAND;7.4959999999999996;7.94
14/07/17 14:00;DEZ0080;Eurdep;air;54.3;10.23;0;Germany;0;0;0;KLAUSDORF;7.427;7.74
14/07/17 14:00;DEZ0082;Eurdep;air;54.18;10.2;0;Germany;0;0;0;NETTELSEE;6.874;7.24
14/07/17 14:00;DEZ0083;Eurdep;air;54.16;10.45;0;Germany;0;0;0;PLÖN;7.764;8.05
14/07/17 14:00;DEZ0086;Eurdep;air;54.29;10.42;0;Germany;0;0;0;SELENT;7.948;8.14
14/07/17 14:00;DEZ0087;Eurdep;air;54.44;9.7;0;Germany;0;0;0;ASCHEFFEL;7.76;8.01
14/07/17 14:00;DEZ0091;Eurdep;air;54.47;9.87;0;Germany;0;0;0;ECKERNFÖRDE;7.003;7.2700000000000005
14/07/17 14:00;DEZ0092;Eurdep;air;54.4;9.97;0;Germany;0;0;0;GETTORF;7.659000000000001;8.15
14/07/17 14:00;DEZ0095;Eurdep;air;54.21;9.71;0;Germany;0;0;0;JEVENSTEDT-OT NIENKATTBEK;5.439;5.99
14/07/17 14:00;DEZ0097;Eurdep;air;54.27;10.08;0;Germany;0;0;0;MOLFSEE;8.453;8.84
14/07/17 14:00;DEZ0102;Eurdep;air;54.08;9.9;0;Germany;0;0;0;WASBEK;6.099;6.220000000000001
14/07/17 14:00;DEZ0104;Eurdep;air;54.31;9.3;0;Germany;0;0;0;ERFDE;7.241;7.45
14/07/17 14:00;DEZ0107;Eurdep;air;54.65;9.94;0;Germany;0;0;0;KAPPELN;7.401999999999999;7.93
14/07/17 15:00;DEZ0111;Eurdep;air;54.53;9.55;0;Germany;0;0;0;SCHLESWIG;8.07;8.45
14/07/17 14:00;DEZ0112;Eurdep;air;54.64;9.76;0;Germany;0;0;0;SÜDERBRARUP;8.083;8.33
14/07/17 14:00;DEZ0116;Eurdep;air;54.83;9.55;0;Germany;0;0;0;GLÜCKSBURG;7.918000000000001;8.17
14/07/17 14:00;DEZ0119;Eurdep;air;54.73;9.74;0;Germany;0;0;0;STERUP;8.199;8
14/07/17 14:00;DEZ0123;Eurdep;air;53.91;10.17;0;Germany;0;0;0;BARK;7.813;8.11
14/07/17 14:00;DEZ0128;Eurdep;air;53.88;9.98;0;Germany;0;0;0;SCHMALFELD;5.589;5.7700000000000005
14/07/17 14:00;DEZ0131;Eurdep;air;53.79;10.08;0;Germany;0;0;0;WAKENDORF II;6.7700000000000005;6.959999999999999
14/07/17 14:00;DEZ0136;Eurdep;air;53.78;9.61;0;Germany;0;0;0;KIEBITZREIHE;5.536;5.87
11/07/17 00:00;DEZ0137;Eurdep;air;53.84;9.49;0;Germany;0;0;0;KREMPE;0;0
14/07/17 14:00;DEZ0139;Eurdep;air;53.94;9.4;0;Germany;0;0;0;MOORHUSEN;7.729000000000001;8.22
14/07/17 15:00;DEZ0140;Eurdep;air;53.92;9.58;0;Germany;0;0;0;OELIXDORF;6.872;7.159999999999999
14/07/17 14:00;DEZ0141;Eurdep;air;53.88;9.26;0;Germany;0;0;0;ST. MARGARETHEN;8.279;8.620000000000001
14/07/17 15:00;DEZ0143;Eurdep;air;53.73;9.48;0;Germany;0;0;0;KOLLMAR;8.125;8.459999999999999
14/07/17 14:00;DEZ0145;Eurdep;air;53.61;10.24;0;Germany;0;0;0;BRAAK;7.872;8.11
14/07/17 14:00;DEZ0147;Eurdep;air;53.81;10.44;0;Germany;0;0;0;MEDDEWADE;8.241;8.39
14/07/17 14:00;DEZ0151;Eurdep;air;53.53;10.14;0;Germany;0;0;0;HAMBURG-BILLSTEDT;6.9799999999999995;7.2299999999999995
14/07/17 15:00;DEZ0156;Eurdep;air;53.58;10.11;0;Germany;0;0;0;HAMBURG-JENFELD;7.845000000000001;8.190000000000001
14/07/17 15:00;DEZ0157;Eurdep;air;53.65;10.11;0;Germany;0;0;0;HAMBURG-SASEL;7.148000000000001;7.56
14/07/17 14:00;DEZ0158;Eurdep;air;53.47;10.19;0;Germany;0;0;0;HAMBURG-NETTELNBURG;8.064;8.39
14/07/17 14:00;DEZ0167;Eurdep;air;52.13;10.29;0;Germany;0;0;0;SALZGITTER-LICHTENBERG;8.664;8.97
14/07/17 14:00;DEZ0169;Eurdep;air;52.47;10.53;0;Germany;0;0;0;GIFHORN;6.825;7.109999999999999
14/07/17 14:00;DEZ0170;Eurdep;air;52.65;10.46;0;Germany;0;0;0;GROß OESINGEN;5.51;5.71
14/07/17 14:00;DEZ0172;Eurdep;air;52.38;10.53;0;Germany;0;0;0;MEINE;7.825;8.08
14/07/17 14:00;DEZ0173;Eurdep;air;52.48;10.36;0;Germany;0;0;0;MEINERSEN;7.115;7.409999999999999
14/07/17 14:00;DEZ0175;Eurdep;air;52.77;10.45;0;Germany;0;0;0;SPRAKENSEHL OT HAGEN;5.9399999999999995;6.21
14/07/17 14:00;DEZ0176;Eurdep;air;52.62;10.59;0;Germany;0;0;0;WAHRENHOLZ;6.756;7.029999999999999
14/07/17 13:00;DEZ0177;Eurdep;air;52.73;10.73;0;Germany;0;0;0;WITTINGEN;7.045;7.44
14/07/17 14:00;DEZ0178;Eurdep;air;52.62;10.81;0;Germany;0;0;0;WITTINGEN-BOITZENHAGEN;6.259;6.74
14/07/17 14:00;DEZ0180;Eurdep;air;51.5;9.76;0;Germany;0;0;0;DRANSFELD;10.681000000000001;11
14/07/17 14:00;DEZ0182;Eurdep;air;51.44;9.93;0;Germany;0;0;0;FRIEDLAND-GROß SCHNEEN;10.959;11
14/07/17 14:00;DEZ0183;Eurdep;air;51.61;10.21;0;Germany;0;0;0;GIEBOLDEHAUSEN;11.584999999999999;12
14/07/17 14:00;DEZ0185;Eurdep;air;51.48;10.11;0;Germany;0;0;0;RITTMARSHAUSEN;9.798;10
14/07/17 14:00;DEZ0186;Eurdep;air;51.52;9.93;0;Germany;0;0;0;GÖTTINGEN;9.062999999999999;9.68
14/07/17 14:00;DEZ0188;Eurdep;air;51.56;10.06;0;Germany;0;0;0;WAAKE;12.163;12
14/07/17 14:00;DEZ0189;Eurdep;air;51.81;10.54;0;Germany;0;0;0;TORFHAUS;10.023;10
14/07/17 15:00;DEZ0191;Eurdep;air;51.72;10.6;0;Germany;0;0;0;BRAUNLAGE;9.801;10
14/07/17 14:00;DEZ0195;Eurdep;air;52.02;10.44;0;Germany;0;0;0;LIEBENBURG;9.216;9.52
14/07/17 14:00;DEZ0197;Eurdep;air;51.95;10.54;0;Germany;0;0;0;VIENENBURG;9.598;9.91
14/07/17 14:00;DEZ0201;Eurdep;air;52.25;10.81;0;Germany;0;0;0;KÖNIGSLUTTER;6.773999999999999;7.2700000000000005
14/07/17 14:00;DEZ0205;Eurdep;air;51.88;10;0;Germany;0;0;0;BAD GANDERSHEIM;10.515;10
14/07/17 14:00;DEZ0208;Eurdep;air;51.79;10.06;0;Germany;0;0;0;ECHTE;9.613;10
14/07/17 14:00;DEZ0209;Eurdep;air;51.68;10.1;0;Germany;0;0;0;KATLENBURG-LINDAU;10.209999999999999;10
14/07/17 14:00;DEZ0210;Eurdep;air;51.73;9.79;0;Germany;0;0;0;FREDELSLOH;10.284;10
14/07/17 14:00;DEZ0212;Eurdep;air;51.62;9.66;0;Germany;0;0;0;USLAR OT SCHONINGEN;9.864;10
14/07/17 14:00;DEZ0213;Eurdep;air;51.63;10.47;0;Germany;0;0;0;BAD LAUTERBERG IM HARZ;10.696;10
14/07/17 14:00;DEZ0215;Eurdep;air;51.75;10.21;0;Germany;0;0;0;OSTERODE AM HARZ;9.693000000000001;9.95
14/07/17 14:00;DEZ0216;Eurdep;air;51.58;10.61;0;Germany;0;0;0;WALKENRIED;9.704;10
12/07/17 00:00;DEZ0218;Eurdep;air;52.27;10.23;0;Germany;0;0;0;GROSS ILSEDE;0;0
14/07/17 14:00;DEZ0220;Eurdep;air;52.32;10.24;0;Germany;0;0;0;PEINE;7.769;8.03
14/07/17 14:00;DEZ0222;Eurdep;air;52.32;10.39;0;Germany;0;0;0;WENDEBURG;7.687;8.17
14/07/17 14:00;DEZ0225;Eurdep;air;52.04;10.6;0;Germany;0;0;0;HORNBURG;10.704;11
14/07/17 14:00;DEZ0227;Eurdep;air;52.04;10.26;0;Germany;0;0;0;SEHLDE;9.244;9.709999999999999
14/07/17 14:00;DEZ0235;Eurdep;air;52.72;8.53;0;Germany;0;0;0;BARNSTORF;6.071;6.36
14/07/17 14:00;DEZ0236;Eurdep;air;52.85;8.73;0;Germany;0;0;0;BASSUM;6.817;7.140000000000001
14/07/17 14:00;DEZ0238;Eurdep;air;52.74;8.7;0;Germany;0;0;0;EHRENBURG;7.337000000000001;7
14/07/17 14:00;DEZ0239;Eurdep;air;52.62;8.65;0;Germany;0;0;0;FREISTATT;6.587999999999999;6.95
14/07/17 14:00;DEZ0240;Eurdep;air;52.59;8.84;0;Germany;0;0;0;KIRCHDORF;6.7299999999999995;6.95
14/07/17 14:00;DEZ0242;Eurdep;air;52.88;9.06;0;Germany;0;0;0;MARTFELD;6.369;6.74
14/07/17 14:00;DEZ0244;Eurdep;air;52.79;8.84;0;Germany;0;0;0;SCHWAFÖRDEN-SUDWALDE;8.068000000000001;8
14/07/17 14:00;DEZ0245;Eurdep;air;52.69;8.82;0;Germany;0;0;0;SULINGEN;6.246;6.590000000000001
14/07/17 14:00;DEZ0246;Eurdep;air;52.93;8.82;0;Germany;0;0;0;SYKE-BARRIEN;7.131;7.42
14/07/17 14:00;DEZ0248;Eurdep;air;52.06;9.33;0;Germany;0;0;0;AERZEN/GR.BERKEL;9.665000000000001;10
14/07/17 14:00;DEZ0250;Eurdep;air;51.97;9.3;0;Germany;0;0;0;BAD PYRMONT;8.711;9
14/07/17 14:00;DEZ0251;Eurdep;air;52.11;9.55;0;Germany;0;0;0;COPPENBRÜGGE;8.967;9.26
14/07/17 14:00;DEZ0253;Eurdep;air;52.15;9.39;0;Germany;0;0;0;UNSEN - HAMELN;8.894;9
14/07/17 14:00;DEZ0254;Eurdep;air;52.17;9.24;0;Germany;0;0;0;HESSISCH-OLDENDORF;8.546;8.93
14/07/17 14:00;DEZ0255;Eurdep;air;52.07;9.58;0;Germany;0;0;0;SALZHEMMENDORF;9;9.379999999999999
14/07/17 14:00;DEZ0256;Eurdep;air;52.45;10;0;Germany;0;0;0;BURGDORF;7.554;7.85
14/07/17 14:00;DEZ0258;Eurdep;air;52.46;9.6;0;Germany;0;0;0;OSTERWALD/STADT GARBSEN;6.515000000000001;6.93
14/07/17 14:00;DEZ0259;Eurdep;air;52.3;9.6;0;Germany;0;0;0;GEHRDEN;8.65;8.93
14/07/17 14:00;DEZ0262;Eurdep;air;52.37;9.97;0;Germany;0;0;0;LEHRTE;7.31;7.51
14/07/17 14:00;DEZ0271;Eurdep;air;52.42;9.43;0;Germany;0;0;0;WUNSTORF;7.659000000000001;8.059999999999999
14/07/17 14:00;DEZ0272;Eurdep;air;51.95;9.84;0;Germany;0;0;0;ALFELD-WISPENSTEIN;8.758;9.11
14/07/17 14:00;DEZ0274;Eurdep;air;52.13;9.73;0;Germany;0;0;0;ELZE;9.787;10
14/07/17 14:00;DEZ0278;Eurdep;air;52.15;10.09;0;Germany;0;0;0;OTTBERGEN;8.601;8.870000000000001
14/07/17 14:00;DEZ0279;Eurdep;air;52.05;9.9;0;Germany;0;0;0;SIBBESSE;9.876000000000001;10
14/07/17 14:00;DEZ0281;Eurdep;air;52.01;9.7;0;Germany;0;0;0;DUINGEN;9.411;9.74
14/07/17 14:00;DEZ0284;Eurdep;air;51.84;9.44;0;Germany;0;0;0;HOLZMINDEN;10.046;10
14/07/17 14:00;DEZ0285;Eurdep;air;51.75;9.52;0;Germany;0;0;0;NEUHAUS - HOLZMINDEN;9.24;9.52
14/07/17 14:00;DEZ0286;Eurdep;air;51.95;9.41;0;Germany;0;0;0;OTTENSTEIN;9.261;9
14/07/17 14:00;DEZ0287;Eurdep;air;51.89;9.63;0;Germany;0;0;0;STADTOLDENDORF;8.838;9.15
14/07/17 14:00;DEZ0290;Eurdep;air;52.6;9.09;0;Germany;0;0;0;LIEBENAU;6.6530000000000005;7.05
14/07/17 14:00;DEZ0292;Eurdep;air;52.47;9.23;0;Germany;0;0;0;REHBURG-LOCCUM;7.731999999999999;8.08
14/07/17 14:00;DEZ0297;Eurdep;air;52.23;9.24;0;Germany;0;0;0;REHREN-AUETAL;8.625;9.18
14/07/17 14:00;DEZ0298;Eurdep;air;52.26;9.03;0;Germany;0;0;0;BÜCKEBURG;7.611;7
14/07/17 14:00;DEZ0302;Eurdep;air;52.61;10.29;0;Germany;0;0;0;AHNSBECK;7.7459999999999996;8
14/07/17 14:00;DEZ0303;Eurdep;air;52.82;9.97;0;Germany;0;0;0;BERGEN;7.226999999999999;7.4799999999999995
14/07/17 14:00;DEZ0309;Eurdep;air;52.65;9.86;0;Germany;0;0;0;WIETZE;6.147;6.32
14/07/17 14:00;DEZ0310;Eurdep;air;52.73;9.85;0;Germany;0;0;0;MEIßENDORF;6.090999999999999;6.32
14/07/17 14:00;DEZ0317;Eurdep;air;53.69;8.56;0;Germany;0;0;0;DORUM;8.027;8
14/07/17 14:00;DEZ0320;Eurdep;air;53.63;9.1;0;Germany;0;0;0;LAMSTEDT;6.767;6.9799999999999995
14/07/17 14:00;DEZ0321;Eurdep;air;53.45;8.63;0;Germany;0;0;0;LOXSTEDT-NESSE;6.9239999999999995;7.12
14/07/17 15:00;DEZ0324;Eurdep;air;53.81;8.9;0;Germany;0;0;0;OTTERNDORF;7.784999999999999;8.17
14/07/17 14:00;DEZ0325;Eurdep;air;53.51;8.81;0;Germany;0;0;0;WEHDEL;6.476999999999999;6.76
14/07/17 14:00;DEZ0326;Eurdep;air;53.74;8.8;0;Germany;0;0;0;WANNA;6.5040000000000004;6.93
14/07/17 14:00;DEZ0327;Eurdep;air;53.64;8.57;0;Germany;0;0;0;WREMEN;8.054;8.42
14/07/17 14:00;DEZ0328;Eurdep;air;53.3;10.05;0;Germany;0;0;0;HANSTEDT/BRACKEL;7.122;7.340000000000001
14/07/17 14:00;DEZ0330;Eurdep;air;53.43;10.31;0;Germany;0;0;0;DRAGE;7.185;7.470000000000001
14/07/17 14:00;DEZ0331;Eurdep;air;53.25;9.83;0;Germany;0;0;0;HANDELOH;7.062;7.279999999999999
14/07/17 14:00;DEZ0332;Eurdep;air;53.2;10.05;0;Germany;0;0;0;EGESTORF-SG HANSTEDT;6.62;6.859999999999999
14/07/17 14:00;DEZ0335;Eurdep;air;53.4;10.41;0;Germany;0;0;0;TESPE;6.937;7.2700000000000005
14/07/17 14:00;DEZ0336;Eurdep;air;53.36;10.2;0;Germany;0;0;0;WINSEN (LUHE);7.2010000000000005;7.390000000000001
14/07/17 14:00;DEZ0341;Eurdep;air;53.14;11.04;0;Germany;0;0;0;HITZACKER;8.344;8.68
14/07/17 14:00;DEZ0342;Eurdep;air;53.07;11.44;0;Germany;0;0;0;HÖHBECK;5.931;6.2299999999999995
14/07/17 14:00;DEZ0343;Eurdep;air;52.98;11.07;0;Germany;0;0;0;KÜSTEN;6.987;7.4799999999999995
14/07/17 14:00;DEZ0344;Eurdep;air;52.92;11.28;0;Germany;0;0;0;SCHWESKAU;6.7620000000000005;6.959999999999999
14/07/17 14:00;DEZ0346;Eurdep;air;53.24;10.87;0;Germany;0;0;0;KATEMIN;6.706;7.06
14/07/17 14:00;DEZ0347;Eurdep;air;52.88;10.89;0;Germany;0;0;0;SCHNEGA;6.726000000000001;7.17
14/07/17 14:00;DEZ0348;Eurdep;air;53;11.32;0;Germany;0;0;0;TREBEL;6.317;6.640000000000001
14/07/17 14:00;DEZ0349;Eurdep;air;53.07;10.88;0;Germany;0;0;0;ZERNIEN;6.404000000000001;6.640000000000001
14/07/17 14:00;DEZ0352;Eurdep;air;53.18;10.75;0;Germany;0;0;0;DAHLENBURG;6.927;7.18
14/07/17 11:00;DEZ0357;Eurdep;air;53.1;10.22;0;Germany;0;0;0;REHLINGEN;6.3420000000000005;6.4799999999999995
14/07/17 14:00;DEZ0362;Eurdep;air;53.5;9.17;0;Germany;0;0;0;BREMERVÖRDE;5.724;6.08
14/07/17 14:00;DEZ0363;Eurdep;air;53.17;9.67;0;Germany;0;0;0;FINTEL;6.819;7.090000000000001
14/07/17 14:00;DEZ0365;Eurdep;air;53.5;8.97;0;Germany;0;0;0;HIPSTEDT;5.877000000000001;6.09
14/07/17 14:00;DEZ0366;Eurdep;air;53.02;9.39;0;Germany;0;0;0;KIRCHWALSEDE;7.162999999999999;7.390000000000001
14/07/17 14:00;DEZ0367;Eurdep;air;53.11;9.4;0;Germany;0;0;0;ROTENBURG;5.939;6.12
14/07/17 14:00;DEZ0372;Eurdep;air;52.99;9.58;0;Germany;0;0;0;VISSELHÖVEDE;6.606999999999999;6.95
14/07/17 14:00;DEZ0374;Eurdep;air;53.11;10.08;0;Germany;0;0;0;STEINBECK;5.68;6.0200000000000005
14/07/17 14:00;DEZ0381;Eurdep;air;53.12;9.8;0;Germany;0;0;0;SCHNEVERDINGEN;7.465999999999999;7.82
14/07/17 14:00;DEZ0383;Eurdep;air;52.9;9.46;0;Germany;0;0;0;WALSRODE OT HAMWIEDE;8.236;8.49
14/07/17 14:00;DEZ0384;Eurdep;air;52.92;9.97;0;Germany;0;0;0;WIETZENDORF;5.763;6.05
14/07/17 14:00;DEZ0385;Eurdep;air;53.83;9.13;0;Germany;0;0;0;BALJE / STADE;7.456999999999999;7
14/07/17 14:00;DEZ0387;Eurdep;air;53.69;9.43;0;Germany;0;0;0;DROCHTERSEN-ASSEL;7.617;7.909999999999999
14/07/17 14:00;DEZ0388;Eurdep;air;53.52;9.4;0;Germany;0;0;0;FREDENBECK;7.196;7.470000000000001
14/07/17 14:00;DEZ0390;Eurdep;air;53.63;9.32;0;Germany;0;0;0;HIMMELPFORTEN;6.759;7.029999999999999
14/07/17 14:00;DEZ0391;Eurdep;air;53.59;9.55;0;Germany;0;0;0;HOLLERN-TWIELENFLETH;7.684;8.01
14/07/17 14:00;DEZ0392;Eurdep;air;53.45;9.51;0;Germany;0;0;0;HARSEFELD;7.329000000000001;7.659999999999999
14/07/17 15:00;DEZ0394;Eurdep;air;53.62;9.53;0;Germany;0;0;0;STADE KKW;7.3549999999999995;7.709999999999999
14/07/17 14:00;DEZ0396;Eurdep;air;53.77;9.32;0;Germany;0;0;0;WISCHHAFEN;7.151000000000001;7.43
14/07/17 14:00;DEZ0397;Eurdep;air;53.09;10.57;0;Germany;0;0;0;BAD BEVENSEN OT MEDINGEN;6.83;7.040000000000001
14/07/17 14:00;DEZ0398;Eurdep;air;53.15;10.49;0;Germany;0;0;0;BIENENBÜTTEL;7.314;7
14/07/17 14:00;DEZ0401;Eurdep;air;53.05;10.38;0;Germany;0;0;0;HANSTEDT 1;5.91;6.15
14/07/17 14:00;DEZ0402;Eurdep;air;52.8;10.76;0;Germany;0;0;0;LÜDER/LANGENBRÜGGE;6.5040000000000004;6.74
14/07/17 14:00;DEZ0407;Eurdep;air;53.05;9.04;0;Germany;0;0;0;OYTEN;7.178;7.37
14/07/17 14:00;DEZ0410;Eurdep;air;53.04;8.59;0;Germany;0;0;0;DELMENHORST;6.848999999999999;7.090000000000001
14/07/17 14:00;DEZ0411;Eurdep;air;53.36;7.16;0;Germany;0;0;0;EMDEN / LARRELT;7.786;8.290000000000001
14/07/17 14:00;DEZ0413;Eurdep;air;53.14;8.24;0;Germany;0;0;0;OLDENBURG;6.0840000000000005;6.42
14/07/17 14:00;DEZ0414;Eurdep;air;52.26;8.11;0;Germany;0;0;0;OSNABRÜCK-DÜSTRUP;6.559;6.959999999999999
14/07/17 14:00;DEZ0416;Eurdep;air;53.6;8.05;0;Germany;0;0;0;WILHELMSHAVEN-SENGWARDEN;7.489;7.720000000000001
14/07/17 14:00;DEZ0418;Eurdep;air;53.25;7.94;0;Germany;0;0;0;WESTERSTEDE;6.29;6.69
14/07/17 14:00;DEZ0420;Eurdep;air;53.47;7.5;0;Germany;0;0;0;AURICH;6.840000000000001;7.57
14/07/17 14:00;DEZ0421;Eurdep;air;53.54;7.62;0;Germany;0;0;0;AURICH-MIDDELS;5.99;6.63
14/07/17 14:00;DEZ0422;Eurdep;air;53.73;7.37;0;Germany;0;0;0;BALTRUM;7.491;8.16
14/07/17 14:00;DEZ0425;Eurdep;air;53.67;7.28;0;Germany;0;0;0;HAGERMARSCH AS HILGENRIEDERSIEL;7.465000000000001;8
14/07/17 14:00;DEZ0427;Eurdep;air;53.5;7.1;0;Germany;0;0;0;KRUMMHÖRN-GREETSIEL;6.976000000000001;7.74
14/07/17 14:00;DEZ0428;Eurdep;air;53.41;7.02;0;Germany;0;0;0;KRUMMHÖRN-CAMPEN;8.343;8.85
14/07/17 14:00;DEZ0429;Eurdep;air;53.5;7.3;0;Germany;0;0;0;MARIENHAFE/SIEGELSUM;6.4430000000000005;6.93
14/07/17 15:00;DEZ0433;Eurdep;air;53.71;7.15;0;Germany;0;0;0;NORDERNEY;6.162;7.0200000000000005
14/07/17 14:00;DEZ0434;Eurdep;air;53.17;7.74;0;Germany;0;0;0;BARßEL-BARßELERMOOR;6.886;7.15
14/07/17 14:00;DEZ0435;Eurdep;air;52.84;8.01;0;Germany;0;0;0;CLOPPENBURG;6.517;6.92
14/07/17 14:00;DEZ0438;Eurdep;air;52.92;7.89;0;Germany;0;0;0;Friesoythe-Augustendorf;6.013;6.659999999999999
14/07/17 14:00;DEZ0439;Eurdep;air;52.96;8.03;0;Germany;0;0;0;GARREL;5.837;6.15
14/07/17 14:00;DEZ0441;Eurdep;air;52.6;7.4;0;Germany;0;0;0;BAWINKEL;5.671;6.17
14/07/17 14:00;DEZ0442;Eurdep;air;52.43;7.51;0;Germany;0;0;0;BEESTEN;6.154999999999999;6.49
14/07/17 14:00;DEZ0446;Eurdep;air;52.45;7.31;0;Germany;0;0;0;ELBERGEN-EMSBÜREN;6.555;7.15
14/07/17 14:00;DEZ0448;Eurdep;air;52.84;7.1;0;Germany;0;0;0;HAREN/EMS OT RÜTENBROCK;5.961;6.890000000000001
14/07/17 14:00;DEZ0449;Eurdep;air;52.68;7.6;0;Germany;0;0;0;HERZLAKE;6.49;7.06
14/07/17 14:00;DEZ0450;Eurdep;air;52.77;7.46;0;Germany;0;0;0;KLEIN BERßEN;7.236;7.94
14/07/17 14:00;DEZ0451;Eurdep;air;52.87;7.33;0;Germany;0;0;0;LATHEN;6.2780000000000005;6.87
14/07/17 14:00;DEZ0453;Eurdep;air;52.56;7.53;0;Germany;0;0;0;LENGERICH;6.745;7
14/07/17 14:00;DEZ0455;Eurdep;air;52.46;7.37;0;Germany;0;0;0;LINGEN-BRAMSCHE;7.604000000000001;8.190000000000001
14/07/17 14:00;DEZ0456;Eurdep;air;52.51;7.29;0;Germany;0;0;0;LINGEN-SCHEPSDORF;5.599;6.029999999999999
14/07/17 14:00;DEZ0458;Eurdep;air;53;7.4;0;Germany;0;0;0;NEULEHE;6.625;7.390000000000001
14/07/17 14:00;DEZ0467;Eurdep;air;53.79;7.91;0;Germany;0;0;0;WANGEROOGE;6.067;6.45
14/07/17 14:00;DEZ0469;Eurdep;air;53.38;7.96;0;Germany;0;0;0;ZETEL-NEUENBURG;7.167;7.55
14/07/17 14:00;DEZ0470;Eurdep;air;52.32;7.17;0;Germany;0;0;0;BAD BENTHEIM;6.266;6.65
09/07/17 00:00;DEZ0474;Eurdep;air;52.57;7.08;0;Germany;0;0;0;GEORGSDORF;0;0
14/07/17 14:00;DEZ0478;Eurdep;air;52.46;7.18;0;Germany;0;0;0;NORDHORN-KLAUSHEIDE;6.615;7.5200000000000005
14/07/17 14:00;DEZ0479;Eurdep;air;52.47;7.02;0;Germany;0;0;0;NORDHORN-FRENSWEGEN;5.851;6
14/07/17 14:00;DEZ0482;Eurdep;air;53.6;6.7;0;Germany;0;0;0;BORKUM;6.537000000000001;7.220000000000001
14/07/17 14:00;DEZ0487;Eurdep;air;53.33;7.34;0;Germany;0;0;0;MOORMERLAND-OLDERSUM;7.2299999999999995;8.08
14/07/17 14:00;DEZ0490;Eurdep;air;53.13;7.23;0;Germany;0;0;0;WYMEER;5.221;6.09
14/07/17 14:00;DEZ0491;Eurdep;air;52.96;8.63;0;Germany;0;0;0;GROß IPPENER;6.603;6.81
14/07/17 14:00;DEZ0492;Eurdep;air;52.94;8.26;0;Germany;0;0;0;GROßENKNETEN;7.151000000000001;7.49
14/07/17 14:00;DEZ0493;Eurdep;air;53.02;8.35;0;Germany;0;0;0;KIRCHHATTEN;6.012;6.26
14/07/17 14:00;DEZ0494;Eurdep;air;53.11;8.46;0;Germany;0;0;0;HUDE;6.384;6.62
14/07/17 14:00;DEZ0495;Eurdep;air;53.06;8.21;0;Germany;0;0;0;WARDENBURG;6.69;6.95
14/07/17 14:00;DEZ0496;Eurdep;air;52.9;8.43;0;Germany;0;0;0;WILDESHAUSEN;6.706;6.890000000000001
14/07/17 13:00;DEZ0498;Eurdep;air;52.32;8.34;0;Germany;0;0;0;BAD ESSEN;8.859;9.040000000000001
28/06/17 00:00;DEZ0501;Eurdep;air;52.45;7.96;0;Germany;0;0;0;BRAMSCHE-HESEPE;0;0
14/07/17 14:00;DEZ0503;Eurdep;air;52.62;7.74;0;Germany;0;0;0;BERGE;7.506;7
14/07/17 14:00;DEZ0505;Eurdep;air;52.38;8.2;0;Germany;0;0;0;OSTERCAPPELN-SCHWAGSTORF;7.4159999999999995;7.859999999999999
14/07/17 14:00;DEZ0506;Eurdep;air;52.67;7.94;0;Germany;0;0;0;QUAKENBRÜCK;6.816;7.109999999999999
14/07/17 14:00;DEZ0510;Eurdep;air;52.71;8.29;0;Germany;0;0;0;VECHTA;7.545;7.7700000000000005
14/07/17 15:00;DEZ0511;Eurdep;air;53.33;8.48;0;Germany;0;0;0;BRAKE-UNTERWESER;7.88;8.23
14/07/17 14:00;DEZ0512;Eurdep;air;53.57;8.36;0;Germany;0;0;0;BUTJADINGEN-BURHAVE;8.258;8.76
14/07/17 14:00;DEZ0514;Eurdep;air;53.25;8.47;0;Germany;0;0;0;ELSFLETH-LIENEN;8.407;8.66
14/07/17 15:00;DEZ0515;Eurdep;air;53.34;8.19;0;Germany;0;0;0;JADE-JADERBERG;6.38;6
19/06/17 00:00;DEZ0516;Eurdep;air;53.48;8.47;0;Germany;0;0;0;NORDENHAM;0;0
14/07/17 14:00;DEZ0518;Eurdep;air;53.27;8.32;0;Germany;0;0;0;OVELGÖNNE-GROßENMEER;7.33;7.609999999999999
14/07/17 14:00;DEZ0519;Eurdep;air;53.46;8.36;0;Germany;0;0;0;STADLAND-SEEFELD;8.295;8.58
14/07/17 14:00;DEZ0521;Eurdep;air;53.65;7.61;0;Germany;0;0;0;ESENS;5.881;6.68
14/07/17 14:00;DEZ0525;Eurdep;air;53.77;7.69;0;Germany;0;0;0;SPIEKEROOG;6.259;6.87
14/07/17 14:00;DEZ0531;Eurdep;air;53.6;8.53;0;Germany;0;0;0;BREMERHAVEN-WEDDEWARDEN;7.742;8.03
14/07/17 14:00;DEZ0532;Eurdep;air;53.5;8.57;0;Germany;0;0;0;BREMERHAVEN-LUNEPLATE;5.904;6.25
14/07/17 14:00;DEZ0533;Eurdep;air;53.55;8.6;0;Germany;0;0;0;BREMERHAVEN-GEESTEMÜNDE;6;6.76
14/07/17 14:00;DEZ0540;Eurdep;air;51.3;6.54;0;Germany;0;0;0;KREFELD-FISCHELN;8.635;9.02
14/07/17 15:00;DEZ0541;Eurdep;air;51.18;6.4;0;Germany;0;0;0;MÖNCHENGLADBACH;8.054;8
14/07/17 14:00;DEZ0543;Eurdep;air;51.19;7.27;0;Germany;0;0;0;REMSCHEID-LENNEP;10.593;11
14/07/17 14:00;DEZ0545;Eurdep;air;51.3;7.2;0;Germany;0;0;0;WUPPERTAL-BARMEN;9.689;10
14/07/17 14:00;DEZ0553;Eurdep;air;51.59;6.21;0;Germany;0;0;0;KEVELAER;7.244;7.470000000000001
14/07/17 14:00;DEZ0560;Eurdep;air;51.28;7.03;0;Germany;0;0;0;WÜLFRATH;9.132;9.559999999999999
14/07/17 14:00;DEZ0562;Eurdep;air;51.1;6.5600000000000005;0;Germany;0;0;0;GREVENBROICH-FÜRTH;10.187000000000001;10
14/07/17 14:00;DEZ0566;Eurdep;air;51.24;6.18;0;Germany;0;0;0;BRÜGGEN;6.965999999999999;7.18
14/07/17 14:00;DEZ0567;Eurdep;air;51.34;6.33;0;Germany;0;0;0;GREFRATH;8.68;8.99
14/07/17 14:00;DEZ0572;Eurdep;air;51.73;6.73;0;Germany;0;0;0;HAMMINKELN-MARIENTHAL;6.9430000000000005;7.279999999999999
14/07/17 14:00;DEZ0582;Eurdep;air;50.99;6.95;0;Germany;0;0;0;KÖLN-WEIDENPESCH;8.84;9.09
14/07/17 14:00;DEZ0585;Eurdep;air;50.6;6.29;0;Germany;0;0;0;SIMMERATH;9.418000000000001;9.64
14/07/17 14:00;DEZ0588;Eurdep;air;50.92;6.33;0;Germany;0;0;0;JÜLICH-KOSLAR;10;10
14/07/17 14:00;DEZ0589;Eurdep;air;50.96;6.43;0;Germany;0;0;0;JÜLICH-GÜSTEN;9.97;10
14/07/17 14:00;DEZ0594;Eurdep;air;51.01;6.43;0;Germany;0;0;0;TITZ;10.57;10
14/07/17 14:00;DEZ0599;Eurdep;air;51.01;6.82;0;Germany;0;0;0;PULHEIM-SINNERSDORF;8.327;8.879999999999999
10/07/17 00:00;DEZ0606;Eurdep;air;51.01;6.04;0;Germany;0;0;0;GANGELT-BIRGDEN;0;0
14/07/17 14:00;DEZ0607;Eurdep;air;51.04;6.13;0;Germany;0;0;0;HEINSBERG-HÜLHOVEN;9.617;10
11/07/17 00:00;DEZ0613;Eurdep;air;51.05;7.26;0;Germany;0;0;0;KÜRTEN;0;0
14/07/17 14:00;DEZ0615;Eurdep;air;50.63;7.22;0;Germany;0;0;0;BAD HONNEF;8;8.85
14/07/17 14:00;DEZ0616;Eurdep;air;50.78;7.01;0;Germany;0;0;0;BORNHEIM;8.312000000000001;8.77
14/07/17 14:00;DEZ0618;Eurdep;air;50.79;7.28;0;Germany;0;0;0;HENNEF/SIEG;8.305;8.64
14/07/17 14:00;DEZ0623;Eurdep;air;51.56;7.07;0;Germany;0;0;0;GELSENKIRCHEN;7.476000000000001;7
14/07/17 14:00;DEZ0624;Eurdep;air;52;7.59;0;Germany;0;0;0;MÜNSTER-KINDERHAUS;8.094;8.36
14/07/17 14:00;DEZ0627;Eurdep;air;52.13;6.91;0;Germany;0;0;0;AHAUS-ALSTÄTTE;6.561;7
14/07/17 14:00;DEZ0628;Eurdep;air;52.04;6.93;0;Germany;0;0;0;AHAUS-OTTENSTEIN;6.659000000000001;7.33
14/07/17 14:00;DEZ0632;Eurdep;air;51.83;6.79;0;Germany;0;0;0;BORKEN-RHEDEBRÜGGE;6.768000000000001;7.18
14/07/17 14:00;DEZ0633;Eurdep;air;51.95;6.99;0;Germany;0;0;0;GESCHER;7.170999999999999;7.68
14/07/17 14:00;DEZ0634;Eurdep;air;52.2;7.03;0;Germany;0;0;0;GRONAU;7;7
14/07/17 13:00;DEZ0635;Eurdep;air;52.22;7.01;0;Germany;0;0;0;GRONAU-SPECHTHOLTSHOOK;7.017;7.26
14/07/17 14:00;DEZ0636;Eurdep;air;52.17;7.06;0;Germany;0;0;0;GRONAU-EPE;6.107;6.7299999999999995
14/07/17 14:00;DEZ0637;Eurdep;air;52.13;7.1;0;Germany;0;0;0;HEEK;6.7090000000000005;7.08
14/07/17 14:00;DEZ0638;Eurdep;air;52.12;7.05;0;Germany;0;0;0;HEEK-AHLE;5.673;6
14/07/17 14:00;DEZ0640;Eurdep;air;52.05;7.15;0;Germany;0;0;0;LEGDEN-ASBECK;7.3469999999999995;7.65
14/07/17 14:00;DEZ0644;Eurdep;air;51.94;6.8100000000000005;0;Germany;0;0;0;SÜDLOHN-OEDING;7.904000000000001;8.58
14/07/17 14:00;DEZ0646;Eurdep;air;52.1;6.85;0;Germany;0;0;0;VREDEN-LÜNTEN;7.945;8.45
14/07/17 14:00;DEZ0647;Eurdep;air;51.79;7.62;0;Germany;0;0;0;ASCHEBERG;6.659999999999999;6.99
14/07/17 14:00;DEZ0651;Eurdep;air;52.03;7.27;0;Germany;0;0;0;ROSENDAHL-DARFELD;6.644;7.090000000000001
14/07/17 14:00;DEZ0652;Eurdep;air;51.85;7.48;0;Germany;0;0;0;SENDEN;6.976999999999999;7.25
14/07/17 14:00;DEZ0653;Eurdep;air;51.54;7.33;0;Germany;0;0;0;CASTROP-RAUXEL;9.202;9.47
14/07/17 14:00;DEZ0654;Eurdep;air;51.67;7.36;0;Germany;0;0;0;DATTELN;6.689;7.040000000000001
14/07/17 14:00;DEZ0655;Eurdep;air;51.66;7;0;Germany;0;0;0;DORSTEN;6.7219999999999995;6.99
14/07/17 14:00;DEZ0656;Eurdep;air;51.73;7.2;0;Germany;0;0;0;HALTERN;6.731;7.18
14/07/17 14:00;DEZ0657;Eurdep;air;51.65;7.16;0;Germany;0;0;0;MARL;6.997;7.459999999999999
14/07/17 15:00;DEZ0660;Eurdep;air;52.13;7.7;0;Germany;0;0;0;GREVEN FLUGHAFEN MS OS;8.516;8.940000000000001
14/07/17 14:00;DEZ0661;Eurdep;air;52.33;7.5;0;Germany;0;0;0;HÖRSTEL-DREIERWALDE;7.0920000000000005;7
14/07/17 14:00;DEZ0664;Eurdep;air;52.11;7.88;0;Germany;0;0;0;LIENEN-KATTENVENNE;8.421;8.73
14/07/17 14:00;DEZ0666;Eurdep;air;52.21;7.19;0;Germany;0;0;0;OCHTRUP;7.276000000000001;7.5200000000000005
14/07/17 14:00;DEZ0668;Eurdep;air;52.16;7.33;0;Germany;0;0;0;STEINFURT-BURGSTEINFURT;7.656999999999999;7.94
14/07/17 14:00;DEZ0672;Eurdep;air;51.89;8.04;0;Germany;0;0;0;ENNIGERLOH-WESTKIRCHEN;7.5329999999999995;7.840000000000001
14/07/17 14:00;DEZ0673;Eurdep;air;51.91;7.8100000000000005;0;Germany;0;0;0;EVERSWINKEL-ALVERSKIRCHEN;6.44;6.659999999999999
14/07/17 14:00;DEZ0674;Eurdep;air;51.8;8.2;0;Germany;0;0;0;OELDE-STROMBERG;7.516;7.69
14/07/17 14:00;DEZ0675;Eurdep;air;52.05;8.03;0;Germany;0;0;0;SASSENBERG-FÜCHTORF;6.5200000000000005;6.74
14/07/17 14:00;DEZ0679;Eurdep;air;52.05;8.3;0;Germany;0;0;0;HALLE-HÖRSTE;6.8629999999999995;7.12
14/07/17 14:00;DEZ0680;Eurdep;air;51.97;8.22;0;Germany;0;0;0;HARSEWINKEL;6.168;6.37
14/07/17 14:00;DEZ0682;Eurdep;air;51.92;8.66;0;Germany;0;0;0;SCHLOß HOLTE-STUKENBROCK;6.371;6.57
14/07/17 14:00;DEZ0685;Eurdep;air;52.23;8.47;0;Germany;0;0;0;RÖDINGHAUSEN;8.592;8.940000000000001
14/07/17 14:00;DEZ0686;Eurdep;air;52.12;8.49;0;Germany;0;0;0;SPENGE-LENZINGHAUSEN;8.544;8.76
14/07/17 14:00;DEZ0687;Eurdep;air;52.17;8.86;0;Germany;0;0;0;VLOTHO;9.809999999999999;10
14/07/17 14:00;DEZ0688;Eurdep;air;51.74;9.01;0;Germany;0;0;0;BAD DRIBURG;9.797;10
14/07/17 14:00;DEZ0692;Eurdep;air;51.79;9.4;0;Germany;0;0;0;HÖXTER;9.946;10
14/07/17 14:00;DEZ0693;Eurdep;air;51.82;9.24;0;Germany;0;0;0;MARIENMÜNSTER-VÖRDEN;11.278;11
14/07/17 14:00;DEZ0694;Eurdep;air;51.88;9.08;0;Germany;0;0;0;STEINHEIM;9.108;9.620000000000001
15/06/17 00:00;DEZ0698;Eurdep;air;51.93;8.89;0;Germany;0;0;0;DETMOLD;0;0
14/07/17 14:00;DEZ0702;Eurdep;air;52.02;8.91;0;Germany;0;0;0;LEMGO;7.074;7.56
14/07/17 14:00;DEZ0705;Eurdep;air;52.26;8.75;0;Germany;0;0;0;BAD OEYNHAUSEN-WULFERD.;8.093;8.32
14/07/17 14:00;DEZ0707;Eurdep;air;52.31;8.61;0;Germany;0;0;0;LÜBBECKE;8.724;9.05
14/07/17 14:00;DEZ0708;Eurdep;air;52.38;8.99;0;Germany;0;0;0;PETERSHAGEN-LAHDE;8.493;8.870000000000001
14/07/17 14:00;DEZ0709;Eurdep;air;52.43;8.6;0;Germany;0;0;0;RAHDEN;6.446;6.69
14/07/17 14:00;DEZ0710;Eurdep;air;52.37;8.46;0;Germany;0;0;0;STEMWEDE-LEVERN;6.965000000000001;7.220000000000001
14/07/17 14:00;DEZ0711;Eurdep;air;51.55;8.55;0;Germany;0;0;0;BÜREN;7.869;8.209999999999999
14/07/17 14:00;DEZ0712;Eurdep;air;51.76;8.56;0;Germany;0;0;0;DELBRÜCK;5.944;6.2299999999999995
14/07/17 14:00;DEZ0714;Eurdep;air;51.62;8.89;0;Germany;0;0;0;LICHTENAU;8.451;8.99
14/07/17 14:00;DEZ0719;Eurdep;air;51.43;7.19;0;Germany;0;0;0;BOCHUM;9.812999999999999;10
14/07/17 14:00;DEZ0721;Eurdep;air;51.47;7.6;0;Germany;0;0;0;DORTMUND-LICHTENDORF;9.825;10
14/07/17 14:00;DEZ0726;Eurdep;air;51.36;7.3;0;Germany;0;0;0;SPROCKHÖVEL-HIDDINGHAUSEN;8.883;9.33
14/07/17 14:00;DEZ0730;Eurdep;air;51.39;8.58;0;Germany;0;0;0;BRILON;8.92;9.209999999999999
14/07/17 14:00;DEZ0733;Eurdep;air;51.47;8.85;0;Germany;0;0;0;MARSBERG;10.261;10
14/07/17 15:00;DEZ0737;Eurdep;air;51.16;8.29;0;Germany;0;0;0;SCHMALLENBERG;11.725;12
14/07/17 14:00;DEZ0739;Eurdep;air;51.32;8;0;Germany;0;0;0;SUNDERN;8.805;9.11
14/07/17 14:00;DEZ0748;Eurdep;air;51.12;7.88;0;Germany;0;0;0;ATTENDORN-NEULISTERNOHL;10.073;10
14/07/17 14:00;DEZ0750;Eurdep;air;51.08;8.1;0;Germany;0;0;0;KIRCHHUNDEM;11.826;12
14/07/17 14:00;DEZ0752;Eurdep;air;50.98;7.85;0;Germany;0;0;0;WENDEN-GERLINGEN;11.093;11
14/07/17 14:00;DEZ0753;Eurdep;air;51.08;8.42;0;Germany;0;0;0;BAD BERLEBURG-WEMLIGHAUSEN;10.404;10
14/07/17 14:00;DEZ0761;Eurdep;air;51.66;8.05;0;Germany;0;0;0;LIPPETAL-LIPPBORG;6.872;7.209999999999999
14/07/17 14:00;DEZ0763;Eurdep;air;51.69;8.44;0;Germany;0;0;0;LIPPSTADT-HÖRSTE;6.12;6
14/07/17 14:00;DEZ0766;Eurdep;air;51.5;8.44;0;Germany;0;0;0;RÜTHEN;8.081;8.39
14/07/17 14:00;DEZ0767;Eurdep;air;51.43;8.34;0;Germany;0;0;0;WARSTEIN;9.047;9.35
14/07/17 14:00;DEZ0771;Eurdep;air;51.62;7.52;0;Germany;0;0;0;LÜNEN;7.390000000000001;7.7299999999999995
14/07/17 14:00;DEZ0772;Eurdep;air;51.54;7.73;0;Germany;0;0;0;UNNA-MÜHLHAUSEN;8.775;9.36
14/07/17 13:00;DEZ0775;Eurdep;air;50.16;8.65;0;Germany;0;0;0;FRANKFURT A.M. ST ESCHERSHEIM;9.199;9.67
14/07/17 14:00;DEZ0778;Eurdep;air;50.02;8.53;0;Germany;0;0;0;FRANKFURT A.M.;7.397;7.909999999999999
14/07/17 14:00;DEZ0781;Eurdep;air;50.09;8.22;0;Germany;0;0;0;WIESBADEN;9.868;10
14/07/17 14:00;DEZ0786;Eurdep;air;49.67;8.53;0;Germany;0;0;0;EINHAUSEN;8.456999999999999;8.84
14/07/17 14:00;DEZ0790;Eurdep;air;49.59;8.81;0;Germany;0;0;0;WALDMICHELBACH ST GADERN;11.251999999999999;11
14/07/17 14:00;DEZ0791;Eurdep;air;49.74;8.62;0;Germany;0;0;0;ALSBACH-HÄHNLEIN;9.268;9.65
14/07/17 14:00;DEZ0794;Eurdep;air;49.8;8.64;0;Germany;0;0;0;PFUNGSTADT;9.203;9.540000000000001
14/07/17 14:00;DEZ0796;Eurdep;air;49.77;8.48;0;Germany;0;0;0;BIEBESHEIM;9.119;9.559999999999999
14/07/17 14:00;DEZ0797;Eurdep;air;49.91;8.48;0;Germany;0;0;0;GROß-GERAU;9.43;9
14/07/17 14:00;DEZ0798;Eurdep;air;49.97;8.58;0;Germany;0;0;0;MÖRFELDEN-WALLDORF;7.672;8.040000000000001
14/07/17 14:00;DEZ0799;Eurdep;air;49.84;8.45;0;Germany;0;0;0;RIEDSTADT;8.836;9.18
14/07/17 14:00;DEZ0803;Eurdep;air;50.31;8.56;0;Germany;0;0;0;WEHRHEIM;9.742;10
14/07/17 14:00;DEZ0805;Eurdep;air;50.12;9.47;0;Germany;0;0;0;FLÖRSBACHTAL OT LOHRHAUPTEN;9.603;10
14/07/17 14:00;DEZ0807;Eurdep;air;50.2;9.18;0;Germany;0;0;0;GELNHAUSEN;9.704;10
14/07/17 14:00;DEZ0811;Eurdep;air;50.35;9.53;0;Germany;0;0;0;SCHLÜCHTERN;10.806999999999999;11
14/07/17 14:00;DEZ0812;Eurdep;air;50.26;9.52;0;Germany;0;0;0;STEINAU A.D.STR. OT MARJOß;9.011;9.959999999999999
14/07/17 14:00;DEZ0813;Eurdep;air;50.27;9.32;0;Germany;0;0;0;WÄCHTERSBACH;9.848;10
14/07/17 14:00;DEZ0814;Eurdep;air;50.06;8.37;0;Germany;0;0;0;HOFHEIM A.T. /WALLAU;9.918000000000001;10
14/07/17 14:00;DEZ0816;Eurdep;air;49.81;9.05;0;Germany;0;0;0;BREUBERG OT RAI-BREITENBACH;10.034;10
14/07/17 14:00;DEZ0818;Eurdep;air;49.72;8.84;0;Germany;0;0;0;REICHELSHEIM (ODW);11.47;11
14/07/17 14:00;DEZ0819;Eurdep;air;49.5;8.92;0;Germany;0;0;0;ROTHENBERG;8.336;8.75
14/07/17 14:00;DEZ0820;Eurdep;air;50.02;8.8;0;Germany;0;0;0;DIETZENBACH;7.978;8.25
14/07/17 14:00;DEZ0821;Eurdep;air;49.96;8.66;0;Germany;0;0;0;EGELSBACH;9.173;9.43
14/07/17 14:00;DEZ0823;Eurdep;air;50.05;8.97;0;Germany;0;0;0;SELIGENSTADT;9.247;9.52
14/07/17 14:00;DEZ0824;Eurdep;air;50.16;8.06;0;Germany;0;0;0;BAD SCHWALBACH;10;10
21/06/17 00:00;DEZ0828;Eurdep;air;50.05;7.8;0;Germany;0;0;0;LORCH;0;0
06/07/17 00:00;DEZ0830;Eurdep;air;50.29;8.95;0;Germany;0;0;0;ALTENSTADT;0;0
14/07/17 14:00;DEZ0832;Eurdep;air;50.29;9.11;0;Germany;0;0;0;BÜDINGEN;9.83;10
14/07/17 14:00;DEZ0835;Eurdep;air;50.32;8.75;0;Germany;0;0;0;FRIEDBERG (HESSEN);9.273;9.790000000000001
14/07/17 14:00;DEZ0836;Eurdep;air;50.39;9.14;0;Germany;0;0;0;HIRZENHAIN;9.498999999999999;9.98
14/07/17 14:00;DEZ0840;Eurdep;air;50.47;8.89;0;Germany;0;0;0;HUNGEN;9.756;10
14/07/17 14:00;DEZ0847;Eurdep;air;50.58;8.29;0;Germany;0;0;0;GREIFENSTEIN;9.866;10
14/07/17 14:00;DEZ0850;Eurdep;air;50.3;8.27;0;Germany;0;0;0;BAD CAMBERG;10.253;10
14/07/17 14:00;DEZ0851;Eurdep;air;50.44;8.03;0;Germany;0;0;0;HADAMAR;10.067;10
14/07/17 14:00;DEZ0853;Eurdep;air;50.48;8.24;0;Germany;0;0;0;WEILBURG;9.946;10
14/07/17 14:00;DEZ0854;Eurdep;air;50.43;8.38;0;Germany;0;0;0;WEILMÜNSTER;9.965;10
14/07/17 14:00;DEZ0858;Eurdep;air;50.69;8.61;0;Germany;0;0;0;LOHRA OT KIRCHVERS;9.651;10
14/07/17 14:00;DEZ0859;Eurdep;air;50.79;8.77;0;Germany;0;0;0;MARBURG;8.952;9.57
14/07/17 14:00;DEZ0860;Eurdep;air;50.82;8.99;0;Germany;0;0;0;STADTALLENDORF;8.736;9.09
14/07/17 14:00;DEZ0862;Eurdep;air;50.72;9.25;0;Germany;0;0;0;ALSFELD;11.548;12
14/07/17 14:00;DEZ0864;Eurdep;air;50.69;9.05;0;Germany;0;0;0;GEMÜNDEN (FELDA);8.143;8.48
14/07/17 14:00;DEZ0865;Eurdep;air;50.63;9.39;0;Germany;0;0;0;LAUTERBACH;8.57;8
14/07/17 14:00;DEZ0866;Eurdep;air;50.67;9.57;0;Germany;0;0;0;SCHLITZ;10;10
14/07/17 15:00;DEZ0874;Eurdep;air;50.5;9.94;0;Germany;0;0;0;GERSFELD/RHÖN;9.062000000000001;9.42
14/07/17 14:00;DEZ0882;Eurdep;air;50.65;10.02;0;Germany;0;0;0;TANN (RHÖN);10.626000000000001;10
14/07/17 14:00;DEZ0893;Eurdep;air;51.25;9.37;0;Germany;0;0;0;BAUNATAL OT GROßENRITTE;9.645999999999999;10
14/07/17 14:00;DEZ0899;Eurdep;air;51.49;9.59;0;Germany;0;0;0;REINHARDSHAGEN OT VECKERHAGEN;8.703;8.93
14/07/17 14:00;DEZ0903;Eurdep;air;51.37;9.3;0;Germany;0;0;0;ZIERENBERG;10;10
14/07/17 14:00;DEZ0905;Eurdep;air;51.02;9.41;0;Germany;0;0;0;HOMBERG (EFZE);11.03;11
14/07/17 14:00;DEZ0911;Eurdep;air;51.38;9;0;Germany;0;0;0;BAD AROLSEN;9.956;10
14/07/17 14:00;DEZ0913;Eurdep;air;51.01;8.63;0;Germany;0;0;0;BATTENBERG (EDER);10.663;11
14/07/17 14:00;DEZ0914;Eurdep;air;51.36;8.81;0;Germany;0;0;0;DIEMELSEE OT ADORF;9.961;10
14/07/17 14:00;DEZ0918;Eurdep;air;50.97;8.98;0;Germany;0;0;0;GEMÜNDEN (WOHRA);10.663;11
14/07/17 14:00;DEZ0920;Eurdep;air;51.2;8.8;0;Germany;0;0;0;LICHTENFELS ST GODDELSHEIM;9.714;10
14/07/17 14:00;DEZ0921;Eurdep;air;51.23;9.09;0;Germany;0;0;0;WALDECK OT NETZE;10.211;10
14/07/17 14:00;DEZ0922;Eurdep;air;51.28;8.66;0;Germany;0;0;0;WILLINGEN OT USSELN;10.952;11
14/07/17 14:00;DEZ0926;Eurdep;air;51.04;10.15;0;Germany;0;0;0;HERLESHAUSEN;9.983;10
14/07/17 14:00;DEZ0927;Eurdep;air;51.2;9.65;0;Germany;0;0;0;HESSISCH LICHTENAU OT QUENTEL;10.873999999999999;11
14/07/17 14:00;DEZ0928;Eurdep;air;51.24;10.06;0;Germany;0;0;0;MEINHARD OT HITZELRODE;10.346;10
14/07/17 14:00;DEZ0931;Eurdep;air;51.19;10.18;0;Germany;0;0;0;WANFRIED;11.693000000000001;12
14/07/17 14:00;DEZ0932;Eurdep;air;51.35;9.86;0;Germany;0;0;0;WITZENHAUSEN;11.244;11
14/07/17 14:00;DEZ0933;Eurdep;air;50.51;6.99;0;Germany;0;0;0;ALTENAHR-ALTENBURG;10.97;11
14/07/17 14:00;DEZ0935;Eurdep;air;50.46;7.21;0;Germany;0;0;0;NIEDERZISSEN;11.589;12
14/07/17 14:00;DEZ0942;Eurdep;air;49.79;7.49;0;Germany;0;0;0;KIRN/NAHE;10.311;10
14/07/17 14:00;DEZ0943;Eurdep;air;49.95;7.79;0;Germany;0;0;0;STROMBERG;10.22;10
14/07/17 14:00;DEZ0945;Eurdep;air;49.88;7.63;0;Germany;0;0;0;WINTERBACH;10.83;11
14/07/17 14:00;DEZ0949;Eurdep;air;49.7;7.35;0;Germany;0;0;0;IDAR-OBERSTEIN;10.318999999999999;10
14/07/17 14:00;DEZ0950;Eurdep;air;49.86;7.34;0;Germany;0;0;0;RHAUNEN/HUNSRÜCK;11.652;12
14/07/17 14:00;DEZ0954;Eurdep;air;50.22;6.98;0;Germany;0;0;0;ULMEN;10;11
14/07/17 14:00;DEZ0957;Eurdep;air;50.32;7.22;0;Germany;0;0;0;MAYEN;11.706999999999999;12
14/07/17 14:00;DEZ0959;Eurdep;air;50.41;7.55;0;Germany;0;0;0;KALTENENGERS;10.344;10
14/07/17 14:00;DEZ0960;Eurdep;air;50.39;7.5;0;Germany;0;0;0;MÜLHEIM-KÄRLICH;12.385;13
14/07/17 14:00;DEZ0961;Eurdep;air;50.34;7.46;0;Germany;0;0;0;WOLKEN;11.937000000000001;12
14/07/17 14:00;DEZ0962;Eurdep;air;50.24;7.36;0;Germany;0;0;0;MÜNSTERMAIFELD;11;11
14/07/17 14:00;DEZ0965;Eurdep;air;50.56;7.29;0;Germany;0;0;0;LINZ AM RHEIN;9.456999999999999;9.86
14/07/17 14:00;DEZ0966;Eurdep;air;50.43;7.48;0;Germany;0;0;0;NEUWIED;10.856;11
14/07/17 14:00;DEZ0967;Eurdep;air;50.17;7.5600000000000005;0;Germany;0;0;0;HALSENBACH;11.663;11
14/07/17 14:00;DEZ0968;Eurdep;air;50.07;7.45;0;Germany;0;0;0;KASTELLAUN;11.870000000000001;12
14/07/17 14:00;DEZ0969;Eurdep;air;49.91;7.51;0;Germany;0;0;0;MENGERSCHIED;11.326;11
14/07/17 14:00;DEZ0970;Eurdep;air;49.98;7.52;0;Germany;0;0;0;SIMMERN;11.241;11
14/07/17 14:00;DEZ0973;Eurdep;air;50.35;7.89;0;Germany;0;0;0;HOLZAPPEL;11.141;11
14/07/17 14:00;DEZ0974;Eurdep;air;50.27;7.98;0;Germany;0;0;0;KATZENELNBOGEN;12.222;12
14/07/17 14:00;DEZ0975;Eurdep;air;50.32;7.59;0;Germany;0;0;0;LAHNSTEIN;10;10
14/07/17 14:00;DEZ0976;Eurdep;air;50.2;7.86;0;Germany;0;0;0;NASTÄTTEN;9.793000000000001;10
14/07/17 14:00;DEZ0977;Eurdep;air;50.15;7.73;0;Germany;0;0;0;ST. GOARSHAUSEN;11.356;11
14/07/17 14:00;DEZ0978;Eurdep;air;50.27;7.83;0;Germany;0;0;0;SINGHOFEN;10.306999999999999;10
14/07/17 14:00;DEZ0984;Eurdep;air;50.65;7.72;0;Germany;0;0;0;WAHLROD;9.72;9.98
14/07/17 15:00;DEZ0985;Eurdep;air;49.75;6.66;0;Germany;0;0;0;TRIER;10.725;11
14/07/17 14:00;DEZ0988;Eurdep;air;50.09;6.8100000000000005;0;Germany;0;0;0;MANDERSCHEID;10.198;10
14/07/17 14:00;DEZ0989;Eurdep;air;49.86;6.9;0;Germany;0;0;0;NEUMAGEN-DHRON;11.067;11
14/07/17 14:00;DEZ0994;Eurdep;air;50.02;6.23;0;Germany;0;0;0;KARLSHAUSEN;10.926;11
14/07/17 14:00;DEZ0997;Eurdep;air;49.94;6.64;0;Germany;0;0;0;SPEICHER;10.933;11
14/07/17 14:00;DEZ0998;Eurdep;air;49.97;6.19;0;Germany;0;0;0;WALDHOF-FALKENSTEIN;10.24;10
14/07/17 14:00;DEZ1000;Eurdep;air;50.3;6.34;0;Germany;0;0;0;AUW BEI PRÜM;9.657;10
14/07/17 14:00;DEZ1003;Eurdep;air;50.1;6.45;0;Germany;0;0;0;FEUERSCHEID;9.461;9.879999999999999
14/07/17 14:00;DEZ1004;Eurdep;air;50.16;6.22;0;Germany;0;0;0;GROßKAMPENBERG;10.190999999999999;10
14/07/17 14:00;DEZ1006;Eurdep;air;50.21;6.42;0;Germany;0;0;0;PRÜM;10.556000000000001;10
14/07/17 14:00;DEZ1008;Eurdep;air;50.29;6.67;0;Germany;0;0;0;HILLESHEIM;10.077;10
14/07/17 14:00;DEZ1009;Eurdep;air;50.35;6.57;0;Germany;0;0;0;JÜNKERATH;10.937000000000001;11
14/07/17 14:00;DEZ1011;Eurdep;air;50.33;6.45;0;Germany;0;0;0;ORMONT;9.497;9.84
14/07/17 14:00;DEZ1016;Eurdep;air;49.6;6.5600000000000005;0;Germany;0;0;0;SAARBURG;10.433;10
14/07/17 14:00;DEZ1019;Eurdep;air;49.67;6.52;0;Germany;0;0;0;TAWERN;10.058;10
14/07/17 14:00;DEZ1021;Eurdep;air;49.6;6.42;0;Germany;0;0;0;WINCHERINGEN;11.119;11
14/07/17 14:00;DEZ1022;Eurdep;air;49.6;6.69;0;Germany;0;0;0;ZERF;9.918000000000001;10
14/07/17 14:00;DEZ1028;Eurdep;air;49.2;7.62;0;Germany;0;0;0;PIRMASENS;11.404;11
14/07/17 14:00;DEZ1030;Eurdep;air;49.67;8.35;0;Germany;0;0;0;WORMS;8.979000000000001;9.379999999999999
14/07/17 14:00;DEZ1032;Eurdep;air;49.74;8.12;0;Germany;0;0;0;ALZEY;12;13
14/07/17 14:00;DEZ1034;Eurdep;air;49.77;7.95;0;Germany;0;0;0;STEIN-BOCKENHEIM;10.811;11
14/07/17 14:00;DEZ1036;Eurdep;air;49.47;8.19;0;Germany;0;0;0;BAD DÜRKHEIM;9.407;9.61
14/07/17 14:00;DEZ1037;Eurdep;air;49.35;7.94;0;Germany;0;0;0;ELMSTEIN;9.893;10
14/07/17 14:00;DEZ1038;Eurdep;air;49.57;8.18;0;Germany;0;0;0;GRÜNSTADT;9.554;9.85
14/07/17 14:00;DEZ1039;Eurdep;air;49.41;8.01;0;Germany;0;0;0;WEIDENTHAL;9.265;9.629999999999999
14/07/17 14:00;DEZ1041;Eurdep;air;49.66;8.01;0;Germany;0;0;0;KIRCHHEIMBOLANDEN;12.481;12
14/07/17 14:00;DEZ1042;Eurdep;air;49.73;7.78;0;Germany;0;0;0;OBERMOSCHEL;12.574;13
14/07/17 14:00;DEZ1043;Eurdep;air;49.6;7.78;0;Germany;0;0;0;GUNDERSWEILER;11.704;12
14/07/17 14:00;DEZ1045;Eurdep;air;49.21;8.36;0;Germany;0;0;0;GERMERSHEIM;8.925;9.24
14/07/17 14:00;DEZ1046;Eurdep;air;48.99;8.24;0;Germany;0;0;0;NEUBURG AM RHEIN;8.859;9.690000000000001
14/07/17 14:00;DEZ1049;Eurdep;air;49.05;8.25;0;Germany;0;0;0;WÖRTH AM RHEIN;8.107;8.34
14/07/17 14:00;DEZ1051;Eurdep;air;49.49;7.89;0;Germany;0;0;0;ENKENBACH-ALSENBORN;9.408;9.68
