date;id_station;id_network;type;latitude;longitude;altitude;country;area_adm_1;area_adm_2;area_adm_3;name;value;value_max
11/08/17 14:00;DEZ0001;Eurdep;air;54.78;9.38;0;Germany;0;0;0;FLENSBURG;7.228;7.51
11/08/17 14:00;DEZ0005;Eurdep;air;54.02;9.05;0;Germany;0;0;0;BARLT;7.792;8.01
11/08/17 08:00;DEZ0008;Eurdep;air;54.17;9.33;0;Germany;0;0;0;BUNSOH;6.572;6.68
11/08/17 14:00;DEZ0012;Eurdep;air;54.19;9.15;0;Germany;0;0;0;HEIDE;6.481999999999999;6.709999999999999
11/08/17 14:00;DEZ0013;Eurdep;air;54.35;9.02;0;Germany;0;0;0;LEHE;6.978;7.65
11/08/17 14:00;DEZ0017;Eurdep;air;54.21;8.92;0;Germany;0;0;0;WESSELBUREN;7.354000000000001;7.69
11/08/17 14:00;DEZ0032;Eurdep;air;53.39;10.49;0;Germany;0;0;0;SCHNAKENBEK;7.593999999999999;8.45
11/08/17 14:00;DEZ0034;Eurdep;air;53.44;10.45;0;Germany;0;0;0;WIERSHOP;8.812000000000001;9.47
11/08/17 14:00;DEZ0038;Eurdep;air;54.77;8.29;0;Germany;0;0;0;HÖRNUM / SYLT;4.8549999999999995;5.21
11/08/17 14:00;DEZ0044;Eurdep;air;54.65;8.35;0;Germany;0;0;0;NEBEL / AMRUM;6.09;6.35
11/08/17 14:00;DEZ0048;Eurdep;air;54.52;8.67;0;Germany;0;0;0;PELLWORM;8.17;8.51
11/08/17 13:00;DEZ0055;Eurdep;air;54.86;9.01;0;Germany;0;0;0;WESTRE;6.161;6.3100000000000005
11/08/17 14:00;DEZ0057;Eurdep;air;54.5;11.24;0;Germany;0;0;0;MARIENLEUCHTE / FEHMARN;8.758;10
11/08/17 14:00;DEZ0059;Eurdep;air;54.2;11.09;0;Germany;0;0;0;DAHME;7.901000000000001;9.76
11/08/17 14:00;DEZ0060;Eurdep;air;54.15;10.6;0;Germany;0;0;0;EUTIN;7.811;9.11
11/08/17 14:00;DEZ0062;Eurdep;air;54.38;10.95;0;Germany;0;0;0;HEILIGENHAFEN;8.391;10
11/08/17 14:00;DEZ0068;Eurdep;air;53.9;10.66;0;Germany;0;0;0;STOCKELSDORF;7.252;9.32
11/08/17 14:00;DEZ0072;Eurdep;air;53.86;9.74;0;Germany;0;0;0;BOKEL;6.286;6
11/08/17 15:00;DEZ0074;Eurdep;air;54.17;7.89;0;Germany;0;0;0;HELGOLAND / UNTERLAND;7.456;8.040000000000001
11/08/17 14:00;DEZ0080;Eurdep;air;54.3;10.23;0;Germany;0;0;0;KLAUSDORF;7.475;8.25
11/08/17 14:00;DEZ0082;Eurdep;air;54.18;10.2;0;Germany;0;0;0;NETTELSEE;7.020999999999999;7.890000000000001
11/08/17 14:00;DEZ0083;Eurdep;air;54.16;10.45;0;Germany;0;0;0;PLÖN;8.149;9.879999999999999
11/08/17 14:00;DEZ0086;Eurdep;air;54.29;10.42;0;Germany;0;0;0;SELENT;8.16;9.57
11/08/17 14:00;DEZ0087;Eurdep;air;54.44;9.7;0;Germany;0;0;0;ASCHEFFEL;7.619;8.02
11/08/17 14:00;DEZ0091;Eurdep;air;54.47;9.87;0;Germany;0;0;0;ECKERNFÖRDE;6.9590000000000005;7.25
11/08/17 14:00;DEZ0092;Eurdep;air;54.4;9.97;0;Germany;0;0;0;GETTORF;7.4799999999999995;7
11/08/17 14:00;DEZ0095;Eurdep;air;54.21;9.71;0;Germany;0;0;0;JEVENSTEDT-OT NIENKATTBEK;5.388;5.89
11/08/17 14:00;DEZ0097;Eurdep;air;54.27;10.08;0;Germany;0;0;0;MOLFSEE;8.534;8.99
11/08/17 14:00;DEZ0102;Eurdep;air;54.08;9.9;0;Germany;0;0;0;WASBEK;6.178;6
11/08/17 14:00;DEZ0104;Eurdep;air;54.31;9.3;0;Germany;0;0;0;ERFDE;7.178;7.42
11/08/17 14:00;DEZ0107;Eurdep;air;54.65;9.94;0;Germany;0;0;0;KAPPELN;7.108;7
11/08/17 15:00;DEZ0111;Eurdep;air;54.53;9.55;0;Germany;0;0;0;SCHLESWIG;8.007;8.28
11/08/17 14:00;DEZ0112;Eurdep;air;54.64;9.76;0;Germany;0;0;0;SÜDERBRARUP;8.023;8.32
11/08/17 14:00;DEZ0116;Eurdep;air;54.83;9.55;0;Germany;0;0;0;GLÜCKSBURG;7.683;7.970000000000001
11/08/17 14:00;DEZ0119;Eurdep;air;54.73;9.74;0;Germany;0;0;0;STERUP;8.142;8.35
11/08/17 14:00;DEZ0123;Eurdep;air;53.91;10.17;0;Germany;0;0;0;BARK;8.040000000000001;8.879999999999999
11/08/17 14:00;DEZ0128;Eurdep;air;53.88;9.98;0;Germany;0;0;0;SCHMALFELD;5.754;6.540000000000001
11/08/17 14:00;DEZ0131;Eurdep;air;53.79;10.08;0;Germany;0;0;0;WAKENDORF II;6.994;8.18
11/08/17 14:00;DEZ0136;Eurdep;air;53.78;9.61;0;Germany;0;0;0;KIEBITZREIHE;5.572;6.18
11/08/17 15:00;DEZ0137;Eurdep;air;53.84;9.49;0;Germany;0;0;0;KREMPE;8.225;8.870000000000001
11/08/17 14:00;DEZ0139;Eurdep;air;53.94;9.4;0;Germany;0;0;0;MOORHUSEN;7.726999999999999;7.95
11/08/17 15:00;DEZ0140;Eurdep;air;53.92;9.58;0;Germany;0;0;0;OELIXDORF;6.856999999999999;7
11/08/17 14:00;DEZ0141;Eurdep;air;53.88;9.26;0;Germany;0;0;0;ST. MARGARETHEN;8.141;8
11/08/17 15:00;DEZ0143;Eurdep;air;53.73;9.48;0;Germany;0;0;0;KOLLMAR;8.368;9.15
11/08/17 14:00;DEZ0145;Eurdep;air;53.61;10.24;0;Germany;0;0;0;BRAAK;8.231;9.03
11/08/17 14:00;DEZ0147;Eurdep;air;53.81;10.44;0;Germany;0;0;0;MEDDEWADE;8.258;9.17
11/08/17 14:00;DEZ0151;Eurdep;air;53.53;10.14;0;Germany;0;0;0;HAMBURG-BILLSTEDT;7.2219999999999995;7.99
11/08/17 15:00;DEZ0156;Eurdep;air;53.58;10.11;0;Germany;0;0;0;HAMBURG-JENFELD;8.071;8.629999999999999
11/08/17 15:00;DEZ0157;Eurdep;air;53.65;10.11;0;Germany;0;0;0;HAMBURG-SASEL;7.404999999999999;8
11/08/17 14:00;DEZ0158;Eurdep;air;53.47;10.19;0;Germany;0;0;0;HAMBURG-NETTELNBURG;8.414;9.22
11/08/17 14:00;DEZ0167;Eurdep;air;52.13;10.29;0;Germany;0;0;0;SALZGITTER-LICHTENBERG;9.551;11
11/08/17 14:00;DEZ0169;Eurdep;air;52.47;10.53;0;Germany;0;0;0;GIFHORN;7.243;8.36
11/08/17 14:00;DEZ0170;Eurdep;air;52.65;10.46;0;Germany;0;0;0;GROß OESINGEN;6.339;7.68
11/08/17 14:00;DEZ0172;Eurdep;air;52.38;10.53;0;Germany;0;0;0;MEINE;8.145999999999999;9.26
11/08/17 14:00;DEZ0173;Eurdep;air;52.48;10.36;0;Germany;0;0;0;MEINERSEN;7.839;9.67
11/08/17 14:00;DEZ0175;Eurdep;air;52.77;10.45;0;Germany;0;0;0;SPRAKENSEHL OT HAGEN;6.714;8.32
11/08/17 14:00;DEZ0176;Eurdep;air;52.62;10.59;0;Germany;0;0;0;WAHRENHOLZ;7.468999999999999;9.09
11/08/17 13:00;DEZ0177;Eurdep;air;52.73;10.73;0;Germany;0;0;0;WITTINGEN;7.531999999999999;8.95
11/08/17 14:00;DEZ0178;Eurdep;air;52.62;10.81;0;Germany;0;0;0;WITTINGEN-BOITZENHAGEN;6.997;8.58
11/08/17 14:00;DEZ0180;Eurdep;air;51.5;9.76;0;Germany;0;0;0;DRANSFELD;11.641;13
11/08/17 14:00;DEZ0182;Eurdep;air;51.44;9.93;0;Germany;0;0;0;FRIEDLAND-GROß SCHNEEN;11.562999999999999;12
11/08/17 14:00;DEZ0183;Eurdep;air;51.61;10.21;0;Germany;0;0;0;GIEBOLDEHAUSEN;11.885;13
11/08/17 14:00;DEZ0185;Eurdep;air;51.48;10.11;0;Germany;0;0;0;RITTMARSHAUSEN;10.51;12
11/08/17 14:00;DEZ0186;Eurdep;air;51.52;9.93;0;Germany;0;0;0;GÖTTINGEN;9.95;12
11/08/17 14:00;DEZ0188;Eurdep;air;51.56;10.06;0;Germany;0;0;0;WAAKE;12.841;14
11/08/17 14:00;DEZ0189;Eurdep;air;51.81;10.54;0;Germany;0;0;0;TORFHAUS;10.989;12
11/08/17 15:00;DEZ0191;Eurdep;air;51.72;10.6;0;Germany;0;0;0;BRAUNLAGE;10.458;12
11/08/17 14:00;DEZ0195;Eurdep;air;52.02;10.44;0;Germany;0;0;0;LIEBENBURG;9.665000000000001;11
11/08/17 14:00;DEZ0197;Eurdep;air;51.95;10.54;0;Germany;0;0;0;VIENENBURG;10.14;12
11/08/17 14:00;DEZ0201;Eurdep;air;52.25;10.81;0;Germany;0;0;0;KÖNIGSLUTTER;7.1370000000000005;8.77
11/08/17 14:00;DEZ0205;Eurdep;air;51.88;10;0;Germany;0;0;0;BAD GANDERSHEIM;11.015;11
11/08/17 14:00;DEZ0208;Eurdep;air;51.79;10.06;0;Germany;0;0;0;ECHTE;10.446;12
11/08/17 14:00;DEZ0209;Eurdep;air;51.68;10.1;0;Germany;0;0;0;KATLENBURG-LINDAU;10.693000000000001;11
11/08/17 14:00;DEZ0210;Eurdep;air;51.73;9.79;0;Germany;0;0;0;FREDELSLOH;10.802;12
11/08/17 14:00;DEZ0212;Eurdep;air;51.62;9.66;0;Germany;0;0;0;USLAR OT SCHONINGEN;10.224;11
11/08/17 14:00;DEZ0213;Eurdep;air;51.63;10.47;0;Germany;0;0;0;BAD LAUTERBERG IM HARZ;11.211;12
11/08/17 14:00;DEZ0215;Eurdep;air;51.75;10.21;0;Germany;0;0;0;OSTERODE AM HARZ;10.061;11
11/08/17 14:00;DEZ0216;Eurdep;air;51.58;10.61;0;Germany;0;0;0;WALKENRIED;10.226;12
11/08/17 14:00;DEZ0218;Eurdep;air;52.27;10.23;0;Germany;0;0;0;GROSS ILSEDE;11.022;11
11/08/17 14:00;DEZ0220;Eurdep;air;52.32;10.24;0;Germany;0;0;0;PEINE;8.643;9.51
11/08/17 14:00;DEZ0222;Eurdep;air;52.32;10.39;0;Germany;0;0;0;WENDEBURG;8.594;10
11/08/17 14:00;DEZ0225;Eurdep;air;52.04;10.6;0;Germany;0;0;0;HORNBURG;11.174;13
11/08/17 14:00;DEZ0227;Eurdep;air;52.04;10.26;0;Germany;0;0;0;SEHLDE;10.08;11
11/08/17 14:00;DEZ0235;Eurdep;air;52.72;8.53;0;Germany;0;0;0;BARNSTORF;6.766;7.92
11/08/17 14:00;DEZ0236;Eurdep;air;52.85;8.73;0;Germany;0;0;0;BASSUM;7.394;9.08
11/08/17 14:00;DEZ0238;Eurdep;air;52.74;8.7;0;Germany;0;0;0;EHRENBURG;7.918000000000001;9.42
11/08/17 14:00;DEZ0239;Eurdep;air;52.62;8.65;0;Germany;0;0;0;FREISTATT;6.94;7.659999999999999
11/08/17 14:00;DEZ0240;Eurdep;air;52.59;8.84;0;Germany;0;0;0;KIRCHDORF;7.13;7.83
11/08/17 14:00;DEZ0242;Eurdep;air;52.88;9.06;0;Germany;0;0;0;MARTFELD;6.779999999999999;7.7299999999999995
11/08/17 14:00;DEZ0244;Eurdep;air;52.79;8.84;0;Germany;0;0;0;SCHWAFÖRDEN-SUDWALDE;8.581999999999999;10
11/08/17 14:00;DEZ0245;Eurdep;air;52.69;8.82;0;Germany;0;0;0;SULINGEN;7.05;8.66
11/08/17 14:00;DEZ0246;Eurdep;air;52.93;8.82;0;Germany;0;0;0;SYKE-BARRIEN;7.455;9.129999999999999
11/08/17 14:00;DEZ0248;Eurdep;air;52.06;9.33;0;Germany;0;0;0;AERZEN/GR.BERKEL;10.273;11
11/08/17 14:00;DEZ0250;Eurdep;air;51.97;9.3;0;Germany;0;0;0;BAD PYRMONT;9.68;10
11/08/17 14:00;DEZ0251;Eurdep;air;52.11;9.55;0;Germany;0;0;0;COPPENBRÜGGE;9.884;11
11/08/17 14:00;DEZ0253;Eurdep;air;52.15;9.39;0;Germany;0;0;0;UNSEN - HAMELN;9.738;11
11/08/17 14:00;DEZ0254;Eurdep;air;52.17;9.24;0;Germany;0;0;0;HESSISCH-OLDENDORF;9.284;10
11/08/17 14:00;DEZ0255;Eurdep;air;52.07;9.58;0;Germany;0;0;0;SALZHEMMENDORF;10.01;11
11/08/17 14:00;DEZ0256;Eurdep;air;52.45;10;0;Germany;0;0;0;BURGDORF;8.394;9.66
11/08/17 14:00;DEZ0258;Eurdep;air;52.46;9.6;0;Germany;0;0;0;OSTERWALD/STADT GARBSEN;7.520999999999999;9.24
11/08/17 14:00;DEZ0259;Eurdep;air;52.3;9.6;0;Germany;0;0;0;GEHRDEN;9.595;11
11/08/17 14:00;DEZ0262;Eurdep;air;52.37;9.97;0;Germany;0;0;0;LEHRTE;8.237;9.78
11/08/17 14:00;DEZ0271;Eurdep;air;52.42;9.43;0;Germany;0;0;0;WUNSTORF;8.531;9.870000000000001
11/08/17 14:00;DEZ0272;Eurdep;air;51.95;9.84;0;Germany;0;0;0;ALFELD-WISPENSTEIN;9.361;10
11/08/17 14:00;DEZ0274;Eurdep;air;52.13;9.73;0;Germany;0;0;0;ELZE;10.829;12
11/08/17 14:00;DEZ0278;Eurdep;air;52.15;10.09;0;Germany;0;0;0;OTTBERGEN;9.334999999999999;10
11/08/17 14:00;DEZ0279;Eurdep;air;52.05;9.9;0;Germany;0;0;0;SIBBESSE;10.278;11
11/08/17 14:00;DEZ0281;Eurdep;air;52.01;9.7;0;Germany;0;0;0;DUINGEN;10.193000000000001;11
11/08/17 14:00;DEZ0284;Eurdep;air;51.84;9.44;0;Germany;0;0;0;HOLZMINDEN;10.692;11
11/08/17 14:00;DEZ0285;Eurdep;air;51.75;9.52;0;Germany;0;0;0;NEUHAUS - HOLZMINDEN;9.974;10
11/08/17 14:00;DEZ0286;Eurdep;air;51.95;9.41;0;Germany;0;0;0;OTTENSTEIN;10.040000000000001;10
11/08/17 14:00;DEZ0287;Eurdep;air;51.89;9.63;0;Germany;0;0;0;STADTOLDENDORF;9.364;10
11/08/17 14:00;DEZ0290;Eurdep;air;52.6;9.09;0;Germany;0;0;0;LIEBENAU;7.404999999999999;8.83
11/08/17 14:00;DEZ0292;Eurdep;air;52.47;9.23;0;Germany;0;0;0;REHBURG-LOCCUM;8.498999999999999;9
11/08/17 14:00;DEZ0297;Eurdep;air;52.23;9.24;0;Germany;0;0;0;REHREN-AUETAL;9.385;11
11/08/17 14:00;DEZ0298;Eurdep;air;52.26;9.03;0;Germany;0;0;0;BÜCKEBURG;8.345;9.059999999999999
11/08/17 14:00;DEZ0302;Eurdep;air;52.61;10.29;0;Germany;0;0;0;AHNSBECK;8.370999999999999;9.790000000000001
11/08/17 14:00;DEZ0303;Eurdep;air;52.82;9.97;0;Germany;0;0;0;BERGEN;7.873;9
11/08/17 14:00;DEZ0309;Eurdep;air;52.65;9.86;0;Germany;0;0;0;WIETZE;6.853;8
11/08/17 14:00;DEZ0310;Eurdep;air;52.73;9.85;0;Germany;0;0;0;MEIßENDORF;6.776000000000001;8.51
11/08/17 14:00;DEZ0317;Eurdep;air;53.69;8.56;0;Germany;0;0;0;DORUM;8.033;8.440000000000001
11/08/17 14:00;DEZ0320;Eurdep;air;53.63;9.1;0;Germany;0;0;0;LAMSTEDT;6.876;7.44
11/08/17 14:00;DEZ0321;Eurdep;air;53.45;8.63;0;Germany;0;0;0;LOXSTEDT-NESSE;7.0760000000000005;7.74
11/08/17 14:00;DEZ0324;Eurdep;air;53.81;8.9;0;Germany;0;0;0;OTTERNDORF;7.7379999999999995;8
11/08/17 14:00;DEZ0325;Eurdep;air;53.51;8.81;0;Germany;0;0;0;WEHDEL;6.606999999999999;7.209999999999999
11/08/17 14:00;DEZ0326;Eurdep;air;53.74;8.8;0;Germany;0;0;0;WANNA;6.526999999999999;6.790000000000001
11/08/17 14:00;DEZ0327;Eurdep;air;53.64;8.57;0;Germany;0;0;0;WREMEN;8.136;8
11/08/17 14:00;DEZ0328;Eurdep;air;53.3;10.05;0;Germany;0;0;0;HANSTEDT/BRACKEL;7.43;8.33
11/08/17 14:00;DEZ0330;Eurdep;air;53.43;10.31;0;Germany;0;0;0;DRAGE;7.536;8.75
11/08/17 14:00;DEZ0331;Eurdep;air;53.25;9.83;0;Germany;0;0;0;HANDELOH;7.348999999999999;8.17
11/08/17 14:00;DEZ0332;Eurdep;air;53.2;10.05;0;Germany;0;0;0;EGESTORF-SG HANSTEDT;7.233;8.28
11/08/17 14:00;DEZ0335;Eurdep;air;53.4;10.41;0;Germany;0;0;0;TESPE;7.269;8.120000000000001
11/08/17 14:00;DEZ0336;Eurdep;air;53.36;10.2;0;Germany;0;0;0;WINSEN (LUHE);7.4879999999999995;7.93
11/08/17 14:00;DEZ0341;Eurdep;air;53.14;11.04;0;Germany;0;0;0;HITZACKER;8.696;10
11/08/17 14:00;DEZ0342;Eurdep;air;53.07;11.44;0;Germany;0;0;0;HÖHBECK;6.418000000000001;8.34
11/08/17 14:00;DEZ0343;Eurdep;air;52.98;11.07;0;Germany;0;0;0;KÜSTEN;7.526000000000001;9.27
11/08/17 14:00;DEZ0344;Eurdep;air;52.92;11.28;0;Germany;0;0;0;SCHWESKAU;7;8.64
11/08/17 14:00;DEZ0346;Eurdep;air;53.24;10.87;0;Germany;0;0;0;KATEMIN;7.2219999999999995;8.73
11/08/17 14:00;DEZ0347;Eurdep;air;52.88;10.89;0;Germany;0;0;0;SCHNEGA;7.284999999999999;8.95
11/08/17 14:00;DEZ0348;Eurdep;air;53;11.32;0;Germany;0;0;0;TREBEL;6.9430000000000005;9.059999999999999
11/08/17 14:00;DEZ0349;Eurdep;air;53.07;10.88;0;Germany;0;0;0;ZERNIEN;7.040000000000001;8.72
11/08/17 14:00;DEZ0352;Eurdep;air;53.18;10.75;0;Germany;0;0;0;DAHLENBURG;7.444;8.73
11/08/17 11:00;DEZ0357;Eurdep;air;53.1;10.22;0;Germany;0;0;0;REHLINGEN;6.6530000000000005;7.390000000000001
11/08/17 14:00;DEZ0362;Eurdep;air;53.5;9.17;0;Germany;0;0;0;BREMERVÖRDE;5.904;6.38
11/08/17 14:00;DEZ0363;Eurdep;air;53.17;9.67;0;Germany;0;0;0;FINTEL;7.43;9.66
11/08/17 14:00;DEZ0365;Eurdep;air;53.5;8.97;0;Germany;0;0;0;HIPSTEDT;6.099;6.7700000000000005
11/08/17 14:00;DEZ0366;Eurdep;air;53.02;9.39;0;Germany;0;0;0;KIRCHWALSEDE;7.6370000000000005;8.74
11/08/17 14:00;DEZ0367;Eurdep;air;53.11;9.4;0;Germany;0;0;0;ROTENBURG;6.343999999999999;7.49
11/08/17 14:00;DEZ0372;Eurdep;air;52.99;9.58;0;Germany;0;0;0;VISSELHÖVEDE;7.179;8.879999999999999
11/08/17 14:00;DEZ0374;Eurdep;air;53.11;10.08;0;Germany;0;0;0;STEINBECK;6.0409999999999995;6.95
11/08/17 14:00;DEZ0381;Eurdep;air;53.12;9.8;0;Germany;0;0;0;SCHNEVERDINGEN;8.013;9.91
11/08/17 14:00;DEZ0383;Eurdep;air;52.9;9.46;0;Germany;0;0;0;WALSRODE OT HAMWIEDE;8.704;9.91
11/08/17 14:00;DEZ0384;Eurdep;air;52.92;9.97;0;Germany;0;0;0;WIETZENDORF;6.317;8.23
11/08/17 14:00;DEZ0385;Eurdep;air;53.83;9.13;0;Germany;0;0;0;BALJE / STADE;7.439;7.890000000000001
11/08/17 14:00;DEZ0387;Eurdep;air;53.69;9.43;0;Germany;0;0;0;DROCHTERSEN-ASSEL;7.8180000000000005;8.809999999999999
11/08/17 14:00;DEZ0388;Eurdep;air;53.52;9.4;0;Germany;0;0;0;FREDENBECK;7.632;8.84
11/08/17 14:00;DEZ0390;Eurdep;air;53.63;9.32;0;Germany;0;0;0;HIMMELPFORTEN;7.151000000000001;7
11/08/17 14:00;DEZ0391;Eurdep;air;53.59;9.55;0;Germany;0;0;0;HOLLERN-TWIELENFLETH;8.026;9.540000000000001
11/08/17 14:00;DEZ0392;Eurdep;air;53.45;9.51;0;Germany;0;0;0;HARSEFELD;7;9.39
11/08/17 15:00;DEZ0394;Eurdep;air;53.62;9.53;0;Germany;0;0;0;STADE KKW;7.833;9.16
11/08/17 14:00;DEZ0396;Eurdep;air;53.77;9.32;0;Germany;0;0;0;WISCHHAFEN;7.189;7.7700000000000005
11/08/17 14:00;DEZ0397;Eurdep;air;53.09;10.57;0;Germany;0;0;0;BAD BEVENSEN OT MEDINGEN;7.176;7.57
11/08/17 14:00;DEZ0398;Eurdep;air;53.15;10.49;0;Germany;0;0;0;BIENENBÜTTEL;7.542;7.88
11/08/17 14:00;DEZ0401;Eurdep;air;53.05;10.38;0;Germany;0;0;0;HANSTEDT 1;6.6129999999999995;7.959999999999999
11/08/17 14:00;DEZ0402;Eurdep;air;52.8;10.76;0;Germany;0;0;0;LÜDER/LANGENBRÜGGE;7.181;8.72
11/08/17 14:00;DEZ0407;Eurdep;air;53.05;9.04;0;Germany;0;0;0;OYTEN;7;8.59
11/08/17 14:00;DEZ0410;Eurdep;air;53.04;8.59;0;Germany;0;0;0;DELMENHORST;7.162000000000001;8.370000000000001
11/08/17 14:00;DEZ0411;Eurdep;air;53.36;7.16;0;Germany;0;0;0;EMDEN / LARRELT;7.776999999999999;8.59
11/08/17 14:00;DEZ0413;Eurdep;air;53.14;8.24;0;Germany;0;0;0;OLDENBURG;6.301;7.109999999999999
11/08/17 14:00;DEZ0414;Eurdep;air;52.26;8.11;0;Germany;0;0;0;OSNABRÜCK-DÜSTRUP;7.053;8.58
11/08/17 14:00;DEZ0416;Eurdep;air;53.6;8.05;0;Germany;0;0;0;WILHELMSHAVEN-SENGWARDEN;7.386;7.99
11/08/17 14:00;DEZ0418;Eurdep;air;53.25;7.94;0;Germany;0;0;0;WESTERSTEDE;6.397;6
11/08/17 14:00;DEZ0420;Eurdep;air;53.47;7.5;0;Germany;0;0;0;AURICH;6.739;7
11/08/17 14:00;DEZ0421;Eurdep;air;53.54;7.62;0;Germany;0;0;0;AURICH-MIDDELS;6.01;6.69
11/08/17 14:00;DEZ0422;Eurdep;air;53.73;7.37;0;Germany;0;0;0;BALTRUM;7.507;7.88
11/08/17 14:00;DEZ0425;Eurdep;air;53.67;7.28;0;Germany;0;0;0;HAGERMARSCH AS HILGENRIEDERSIEL;7.406999999999999;7.779999999999999
11/08/17 14:00;DEZ0427;Eurdep;air;53.5;7.1;0;Germany;0;0;0;KRUMMHÖRN-GREETSIEL;6.806;7.4799999999999995
11/08/17 14:00;DEZ0428;Eurdep;air;53.41;7.02;0;Germany;0;0;0;KRUMMHÖRN-CAMPEN;8.038;8
11/08/17 14:00;DEZ0429;Eurdep;air;53.5;7.3;0;Germany;0;0;0;MARIENHAFE/SIEGELSUM;6.287;7.08
11/08/17 15:00;DEZ0433;Eurdep;air;53.71;7.15;0;Germany;0;0;0;NORDERNEY;6.061999999999999;6.2700000000000005
11/08/17 14:00;DEZ0434;Eurdep;air;53.17;7.74;0;Germany;0;0;0;BARßEL-BARßELERMOOR;7.0329999999999995;7.55
11/08/17 14:00;DEZ0435;Eurdep;air;52.84;8.01;0;Germany;0;0;0;CLOPPENBURG;6.731;7.55
11/08/17 14:00;DEZ0438;Eurdep;air;52.92;7.89;0;Germany;0;0;0;Friesoythe-Augustendorf;6.3469999999999995;7.35
11/08/17 14:00;DEZ0439;Eurdep;air;52.96;8.03;0;Germany;0;0;0;GARREL;6.077;6.88
11/08/17 14:00;DEZ0441;Eurdep;air;52.6;7.4;0;Germany;0;0;0;BAWINKEL;5.898;7.2299999999999995
11/08/17 14:00;DEZ0442;Eurdep;air;52.43;7.51;0;Germany;0;0;0;BEESTEN;6.476000000000001;8.26
11/08/17 14:00;DEZ0446;Eurdep;air;52.45;7.31;0;Germany;0;0;0;ELBERGEN-EMSBÜREN;6.843000000000001;8.440000000000001
11/08/17 14:00;DEZ0448;Eurdep;air;52.84;7.1;0;Germany;0;0;0;HAREN/EMS OT RÜTENBROCK;6.017;7.140000000000001
11/08/17 14:00;DEZ0449;Eurdep;air;52.68;7.6;0;Germany;0;0;0;HERZLAKE;6.636;7.85
11/08/17 14:00;DEZ0450;Eurdep;air;52.77;7.46;0;Germany;0;0;0;KLEIN BERßEN;7.427;8.290000000000001
11/08/17 14:00;DEZ0451;Eurdep;air;52.87;7.33;0;Germany;0;0;0;LATHEN;6.4430000000000005;7.140000000000001
11/08/17 14:00;DEZ0453;Eurdep;air;52.56;7.53;0;Germany;0;0;0;LENGERICH;6.946;8
11/08/17 14:00;DEZ0455;Eurdep;air;52.46;7.37;0;Germany;0;0;0;LINGEN-BRAMSCHE;7;9.190000000000001
11/08/17 14:00;DEZ0456;Eurdep;air;52.51;7.29;0;Germany;0;0;0;LINGEN-SCHEPSDORF;5.8149999999999995;6.859999999999999
11/08/17 14:00;DEZ0458;Eurdep;air;53;7.4;0;Germany;0;0;0;NEULEHE;6.8180000000000005;7.56
11/08/17 14:00;DEZ0467;Eurdep;air;53.79;7.91;0;Germany;0;0;0;WANGEROOGE;6.121;6.51
11/08/17 14:00;DEZ0469;Eurdep;air;53.38;7.96;0;Germany;0;0;0;ZETEL-NEUENBURG;7.2829999999999995;7.75
11/08/17 14:00;DEZ0470;Eurdep;air;52.32;7.17;0;Germany;0;0;0;BAD BENTHEIM;6.623;8.309999999999999
11/08/17 14:00;DEZ0474;Eurdep;air;52.57;7.08;0;Germany;0;0;0;GEORGSDORF;6.32;7
06/08/17 00:00;DEZ0478;Eurdep;air;52.46;7.18;0;Germany;0;0;0;NORDHORN-KLAUSHEIDE;0;0
11/08/17 14:00;DEZ0479;Eurdep;air;52.47;7.02;0;Germany;0;0;0;NORDHORN-FRENSWEGEN;5.970000000000001;7.05
11/08/17 14:00;DEZ0482;Eurdep;air;53.6;6.7;0;Germany;0;0;0;BORKUM;6.314;6.720000000000001
11/08/17 14:00;DEZ0487;Eurdep;air;53.33;7.34;0;Germany;0;0;0;MOORMERLAND-OLDERSUM;7.179;8.040000000000001
11/08/17 14:00;DEZ0490;Eurdep;air;53.13;7.23;0;Germany;0;0;0;WYMEER;5.183;6.0200000000000005
11/08/17 14:00;DEZ0491;Eurdep;air;52.96;8.63;0;Germany;0;0;0;GROß IPPENER;7.101000000000001;8.440000000000001
11/08/17 14:00;DEZ0492;Eurdep;air;52.94;8.26;0;Germany;0;0;0;GROßENKNETEN;7.4030000000000005;8.01
11/08/17 14:00;DEZ0493;Eurdep;air;53.02;8.35;0;Germany;0;0;0;KIRCHHATTEN;6.21;7.24
11/08/17 14:00;DEZ0494;Eurdep;air;53.11;8.46;0;Germany;0;0;0;HUDE;6;7
11/08/17 14:00;DEZ0495;Eurdep;air;53.06;8.21;0;Germany;0;0;0;WARDENBURG;6.904000000000001;7.81
11/08/17 14:00;DEZ0496;Eurdep;air;52.9;8.43;0;Germany;0;0;0;WILDESHAUSEN;7.284999999999999;8.28
11/08/17 13:00;DEZ0498;Eurdep;air;52.32;8.34;0;Germany;0;0;0;BAD ESSEN;9.245000000000001;10
11/08/17 14:00;DEZ0501;Eurdep;air;52.45;7.96;0;Germany;0;0;0;BRAMSCHE-HESEPE;6.734;7.67
11/08/17 14:00;DEZ0503;Eurdep;air;52.62;7.74;0;Germany;0;0;0;BERGE;7.775;8.75
11/08/17 14:00;DEZ0505;Eurdep;air;52.38;8.2;0;Germany;0;0;0;OSTERCAPPELN-SCHWAGSTORF;8.02;9.34
11/08/17 14:00;DEZ0506;Eurdep;air;52.67;7.94;0;Germany;0;0;0;QUAKENBRÜCK;7.255;8.129999999999999
11/08/17 14:00;DEZ0510;Eurdep;air;52.71;8.29;0;Germany;0;0;0;VECHTA;8.078;9.32
11/08/17 15:00;DEZ0511;Eurdep;air;53.33;8.48;0;Germany;0;0;0;BRAKE-UNTERWESER;8.059000000000001;8.58
11/08/17 14:00;DEZ0512;Eurdep;air;53.57;8.36;0;Germany;0;0;0;BUTJADINGEN-BURHAVE;8.221;8.73
11/08/17 14:00;DEZ0514;Eurdep;air;53.25;8.47;0;Germany;0;0;0;ELSFLETH-LIENEN;8.818000000000001;9
11/08/17 15:00;DEZ0515;Eurdep;air;53.34;8.19;0;Germany;0;0;0;JADE-JADERBERG;6.461;6.95
11/08/17 14:00;DEZ0518;Eurdep;air;53.27;8.32;0;Germany;0;0;0;OVELGÖNNE-GROßENMEER;7.489;7.99
11/08/17 14:00;DEZ0519;Eurdep;air;53.46;8.36;0;Germany;0;0;0;STADLAND-SEEFELD;8.211;8.64
11/08/17 14:00;DEZ0521;Eurdep;air;53.65;7.61;0;Germany;0;0;0;ESENS;5.861;6.36
11/08/17 14:00;DEZ0525;Eurdep;air;53.77;7.69;0;Germany;0;0;0;SPIEKEROOG;6.235;6.590000000000001
11/08/17 14:00;DEZ0531;Eurdep;air;53.6;8.53;0;Germany;0;0;0;BREMERHAVEN-WEDDEWARDEN;7.687;8.05
11/08/17 14:00;DEZ0532;Eurdep;air;53.5;8.57;0;Germany;0;0;0;BREMERHAVEN-LUNEPLATE;6.595000000000001;7.32
11/08/17 14:00;DEZ0533;Eurdep;air;53.55;8.6;0;Germany;0;0;0;BREMERHAVEN-GEESTEMÜNDE;6.522;6.95
11/08/17 14:00;DEZ0540;Eurdep;air;51.3;6.54;0;Germany;0;0;0;KREFELD-FISCHELN;8.369;8.857
11/08/17 15:00;DEZ0541;Eurdep;air;51.18;6.4;0;Germany;0;0;0;MÖNCHENGLADBACH;7.9799999999999995;8.373999999999999
11/08/17 14:00;DEZ0543;Eurdep;air;51.19;7.27;0;Germany;0;0;0;REMSCHEID-LENNEP;10.389;10.817
11/08/17 14:00;DEZ0545;Eurdep;air;51.3;7.2;0;Germany;0;0;0;WUPPERTAL-BARMEN;9.753;10.067
11/08/17 14:00;DEZ0553;Eurdep;air;51.59;6.21;0;Germany;0;0;0;KEVELAER;7.411;7.92
11/08/17 14:00;DEZ0560;Eurdep;air;51.28;7.03;0;Germany;0;0;0;WÜLFRATH;9.297;9.790000000000001
11/08/17 14:00;DEZ0562;Eurdep;air;51.1;6.5600000000000005;0;Germany;0;0;0;GREVENBROICH-FÜRTH;9.919;10
11/08/17 14:00;DEZ0566;Eurdep;air;51.24;6.18;0;Germany;0;0;0;BRÜGGEN;6.968999999999999;7.220000000000001
11/08/17 14:00;DEZ0567;Eurdep;air;51.34;6.33;0;Germany;0;0;0;GREFRATH;8.799;9.174
11/08/17 14:00;DEZ0572;Eurdep;air;51.73;6.73;0;Germany;0;0;0;HAMMINKELN-MARIENTHAL;7.0200000000000005;7.35
11/08/17 14:00;DEZ0582;Eurdep;air;50.99;6.95;0;Germany;0;0;0;KÖLN-WEIDENPESCH;8.873000000000001;9.541
11/08/17 14:00;DEZ0585;Eurdep;air;50.6;6.29;0;Germany;0;0;0;SIMMERATH;9.369;9.823
11/08/17 14:00;DEZ0588;Eurdep;air;50.92;6.33;0;Germany;0;0;0;JÜLICH-KOSLAR;9.796;10.245999999999999
11/08/17 14:00;DEZ0589;Eurdep;air;50.96;6.43;0;Germany;0;0;0;JÜLICH-GÜSTEN;9.533;9.940999999999999
11/08/17 14:00;DEZ0594;Eurdep;air;51.01;6.43;0;Germany;0;0;0;TITZ;10.153;10.443000000000001
11/08/17 14:00;DEZ0599;Eurdep;air;51.01;6.82;0;Germany;0;0;0;PULHEIM-SINNERSDORF;8.309000000000001;8.793000000000001
11/08/17 14:00;DEZ0606;Eurdep;air;51.01;6.04;0;Germany;0;0;0;GANGELT-BIRGDEN;8.468;8.879999999999999
11/08/17 14:00;DEZ0607;Eurdep;air;51.04;6.13;0;Germany;0;0;0;HEINSBERG-HÜLHOVEN;9.452;9.711
11/08/17 14:00;DEZ0615;Eurdep;air;50.63;7.22;0;Germany;0;0;0;BAD HONNEF;8.273;9.190000000000001
11/08/17 14:00;DEZ0616;Eurdep;air;50.78;7.01;0;Germany;0;0;0;BORNHEIM;8.179;8.83
11/08/17 14:00;DEZ0618;Eurdep;air;50.79;7.28;0;Germany;0;0;0;HENNEF/SIEG;8.317;8.86
11/08/17 14:00;DEZ0623;Eurdep;air;51.56;7.07;0;Germany;0;0;0;GELSENKIRCHEN;7.644;8.07
11/08/17 14:00;DEZ0624;Eurdep;air;52;7.59;0;Germany;0;0;0;MÜNSTER-KINDERHAUS;8.408;9.09
11/08/17 14:00;DEZ0627;Eurdep;air;52.13;6.91;0;Germany;0;0;0;AHAUS-ALSTÄTTE;6.609;7
11/08/17 14:00;DEZ0628;Eurdep;air;52.04;6.93;0;Germany;0;0;0;AHAUS-OTTENSTEIN;6.787999999999999;7.409999999999999
11/08/17 14:00;DEZ0632;Eurdep;air;51.83;6.79;0;Germany;0;0;0;BORKEN-RHEDEBRÜGGE;7.061;7.63
11/08/17 14:00;DEZ0633;Eurdep;air;51.95;6.99;0;Germany;0;0;0;GESCHER;7.369;7.784999999999999
11/08/17 14:00;DEZ0634;Eurdep;air;52.2;7.03;0;Germany;0;0;0;GRONAU;7.186;8.67
11/08/17 13:00;DEZ0635;Eurdep;air;52.22;7.01;0;Germany;0;0;0;GRONAU-SPECHTHOLTSHOOK;7.345999999999999;8.629999999999999
11/08/17 14:00;DEZ0636;Eurdep;air;52.17;7.06;0;Germany;0;0;0;GRONAU-EPE;6.326;7.68
11/08/17 14:00;DEZ0637;Eurdep;air;52.13;7.1;0;Germany;0;0;0;HEEK;6.934;8.24
11/08/17 14:00;DEZ0638;Eurdep;air;52.12;7.05;0;Germany;0;0;0;HEEK-AHLE;5.906000000000001;7.17
11/08/17 14:00;DEZ0640;Eurdep;air;52.05;7.15;0;Germany;0;0;0;LEGDEN-ASBECK;7.623;8.86
11/08/17 14:00;DEZ0644;Eurdep;air;51.94;6.8100000000000005;0;Germany;0;0;0;SÜDLOHN-OEDING;8.023;8.39
11/08/17 14:00;DEZ0646;Eurdep;air;52.1;6.85;0;Germany;0;0;0;VREDEN-LÜNTEN;7.983;8.33
11/08/17 14:00;DEZ0647;Eurdep;air;51.79;7.62;0;Germany;0;0;0;ASCHEBERG;7.003;7
11/08/17 14:00;DEZ0651;Eurdep;air;52.03;7.27;0;Germany;0;0;0;ROSENDAHL-DARFELD;7.042;8.51
11/08/17 14:00;DEZ0652;Eurdep;air;51.85;7.48;0;Germany;0;0;0;SENDEN;7.364;8.01
11/08/17 14:00;DEZ0653;Eurdep;air;51.54;7.33;0;Germany;0;0;0;CASTROP-RAUXEL;9.507;9.802
11/08/17 14:00;DEZ0654;Eurdep;air;51.67;7.36;0;Germany;0;0;0;DATTELN;6.934;7.31
11/08/17 14:00;DEZ0655;Eurdep;air;51.66;7;0;Germany;0;0;0;DORSTEN;7;7.353
11/08/17 14:00;DEZ0656;Eurdep;air;51.73;7.2;0;Germany;0;0;0;HALTERN;7.095000000000001;7.563
11/08/17 14:00;DEZ0657;Eurdep;air;51.65;7.16;0;Germany;0;0;0;MARL;7.223000000000001;7.55
11/08/17 15:00;DEZ0660;Eurdep;air;52.13;7.7;0;Germany;0;0;0;GREVEN FLUGHAFEN MS OS;8.921;10
11/08/17 14:00;DEZ0661;Eurdep;air;52.33;7.5;0;Germany;0;0;0;HÖRSTEL-DREIERWALDE;7;8.76
11/08/17 14:00;DEZ0664;Eurdep;air;52.11;7.88;0;Germany;0;0;0;LIENEN-KATTENVENNE;8.977;10
11/08/17 14:00;DEZ0666;Eurdep;air;52.21;7.19;0;Germany;0;0;0;OCHTRUP;7.468000000000001;9.27
11/08/17 14:00;DEZ0668;Eurdep;air;52.16;7.33;0;Germany;0;0;0;STEINFURT-BURGSTEINFURT;7.923;8.959999999999999
11/08/17 14:00;DEZ0672;Eurdep;air;51.89;8.04;0;Germany;0;0;0;ENNIGERLOH-WESTKIRCHEN;8.179;9.43
11/08/17 14:00;DEZ0673;Eurdep;air;51.91;7.8100000000000005;0;Germany;0;0;0;EVERSWINKEL-ALVERSKIRCHEN;6.801;7.87
11/08/17 14:00;DEZ0674;Eurdep;air;51.8;8.2;0;Germany;0;0;0;OELDE-STROMBERG;8.068000000000001;9.27
11/08/17 14:00;DEZ0675;Eurdep;air;52.05;8.03;0;Germany;0;0;0;SASSENBERG-FÜCHTORF;6.965999999999999;8.14
11/08/17 14:00;DEZ0679;Eurdep;air;52.05;8.3;0;Germany;0;0;0;HALLE-HÖRSTE;7.287000000000001;8.42
11/08/17 14:00;DEZ0680;Eurdep;air;51.97;8.22;0;Germany;0;0;0;HARSEWINKEL;6.83;8.03
11/08/17 14:00;DEZ0682;Eurdep;air;51.92;8.66;0;Germany;0;0;0;SCHLOß HOLTE-STUKENBROCK;7.336;8.89
11/08/17 14:00;DEZ0685;Eurdep;air;52.23;8.47;0;Germany;0;0;0;RÖDINGHAUSEN;9.34;10
11/08/17 14:00;DEZ0686;Eurdep;air;52.12;8.49;0;Germany;0;0;0;SPENGE-LENZINGHAUSEN;9.211;10
11/08/17 14:00;DEZ0687;Eurdep;air;52.17;8.86;0;Germany;0;0;0;VLOTHO;10.653;12
11/08/17 14:00;DEZ0688;Eurdep;air;51.74;9.01;0;Germany;0;0;0;BAD DRIBURG;10.796;12
11/08/17 14:00;DEZ0692;Eurdep;air;51.79;9.4;0;Germany;0;0;0;HÖXTER;10.976;12
11/08/17 14:00;DEZ0693;Eurdep;air;51.82;9.24;0;Germany;0;0;0;MARIENMÜNSTER-VÖRDEN;12.122;13
11/08/17 14:00;DEZ0694;Eurdep;air;51.88;9.08;0;Germany;0;0;0;STEINHEIM;9.946;11
11/08/17 14:00;DEZ0702;Eurdep;air;52.02;8.91;0;Germany;0;0;0;LEMGO;7.946;9.43
11/08/17 14:00;DEZ0705;Eurdep;air;52.26;8.75;0;Germany;0;0;0;BAD OEYNHAUSEN-WULFERD.;8.806999999999999;10
11/08/17 14:00;DEZ0707;Eurdep;air;52.31;8.61;0;Germany;0;0;0;LÜBBECKE;9.520999999999999;10
11/08/17 14:00;DEZ0708;Eurdep;air;52.38;8.99;0;Germany;0;0;0;PETERSHAGEN-LAHDE;9.27;10
11/08/17 14:00;DEZ0709;Eurdep;air;52.43;8.6;0;Germany;0;0;0;RAHDEN;7.186;8.23
11/08/17 14:00;DEZ0710;Eurdep;air;52.37;8.46;0;Germany;0;0;0;STEMWEDE-LEVERN;7.587999999999999;8.92
11/08/17 14:00;DEZ0711;Eurdep;air;51.55;8.55;0;Germany;0;0;0;BÜREN;8.388;8.84
11/08/17 14:00;DEZ0712;Eurdep;air;51.76;8.56;0;Germany;0;0;0;DELBRÜCK;6.614;7.529999999999999
11/08/17 14:00;DEZ0714;Eurdep;air;51.62;8.89;0;Germany;0;0;0;LICHTENAU;9.14;10
11/08/17 14:00;DEZ0719;Eurdep;air;51.43;7.19;0;Germany;0;0;0;BOCHUM;9.766;10.233
11/08/17 14:00;DEZ0721;Eurdep;air;51.47;7.6;0;Germany;0;0;0;DORTMUND-LICHTENDORF;10.164;10
11/08/17 14:00;DEZ0726;Eurdep;air;51.36;7.3;0;Germany;0;0;0;SPROCKHÖVEL-HIDDINGHAUSEN;8.889;9
11/08/17 14:00;DEZ0730;Eurdep;air;51.39;8.58;0;Germany;0;0;0;BRILON;9.943999999999999;10
11/08/17 14:00;DEZ0733;Eurdep;air;51.47;8.85;0;Germany;0;0;0;MARSBERG;11.052;12
15/07/17 00:00;DEZ0737;Eurdep;air;51.16;8.29;0;Germany;0;0;0;SCHMALLENBERG;0;0
11/08/17 14:00;DEZ0739;Eurdep;air;51.32;8;0;Germany;0;0;0;SUNDERN;9.302;10
11/08/17 14:00;DEZ0748;Eurdep;air;51.12;7.88;0;Germany;0;0;0;ATTENDORN-NEULISTERNOHL;10.087;10
11/08/17 14:00;DEZ0750;Eurdep;air;51.08;8.1;0;Germany;0;0;0;KIRCHHUNDEM;12.193000000000001;12.78
11/08/17 14:00;DEZ0752;Eurdep;air;50.98;7.85;0;Germany;0;0;0;WENDEN-GERLINGEN;10.967;11
11/08/17 14:00;DEZ0753;Eurdep;air;51.08;8.42;0;Germany;0;0;0;BAD BERLEBURG-WEMLIGHAUSEN;10.863;11
11/08/17 14:00;DEZ0761;Eurdep;air;51.66;8.05;0;Germany;0;0;0;LIPPETAL-LIPPBORG;7.564;8.440000000000001
11/08/17 14:00;DEZ0763;Eurdep;air;51.69;8.44;0;Germany;0;0;0;LIPPSTADT-HÖRSTE;6.952;7.85
11/08/17 14:00;DEZ0766;Eurdep;air;51.5;8.44;0;Germany;0;0;0;RÜTHEN;8.901;9.55
11/08/17 14:00;DEZ0767;Eurdep;air;51.43;8.34;0;Germany;0;0;0;WARSTEIN;9.995999999999999;10
11/08/17 14:00;DEZ0771;Eurdep;air;51.62;7.52;0;Germany;0;0;0;LÜNEN;7.709999999999999;8.203
11/08/17 14:00;DEZ0772;Eurdep;air;51.54;7.73;0;Germany;0;0;0;UNNA-MÜHLHAUSEN;9.159;9.61
11/08/17 13:00;DEZ0775;Eurdep;air;50.16;8.65;0;Germany;0;0;0;FRANKFURT A.M. ST ESCHERSHEIM;9.887;10
11/08/17 14:00;DEZ0778;Eurdep;air;50.02;8.53;0;Germany;0;0;0;FRANKFURT A.M.;7.804;8.394
11/08/17 14:00;DEZ0781;Eurdep;air;50.09;8.22;0;Germany;0;0;0;WIESBADEN;9.855;10
11/08/17 14:00;DEZ0786;Eurdep;air;49.67;8.53;0;Germany;0;0;0;EINHAUSEN;8.526;9.629999999999999
11/08/17 14:00;DEZ0790;Eurdep;air;49.59;8.81;0;Germany;0;0;0;WALDMICHELBACH ST GADERN;11.767;12
11/08/17 14:00;DEZ0791;Eurdep;air;49.74;8.62;0;Germany;0;0;0;ALSBACH-HÄHNLEIN;9.674;10
11/08/17 14:00;DEZ0794;Eurdep;air;49.8;8.64;0;Germany;0;0;0;PFUNGSTADT;9.426;10
11/08/17 14:00;DEZ0796;Eurdep;air;49.77;8.48;0;Germany;0;0;0;BIEBESHEIM;9.294;9
11/08/17 14:00;DEZ0797;Eurdep;air;49.91;8.48;0;Germany;0;0;0;GROß-GERAU;9;10
11/08/17 14:00;DEZ0798;Eurdep;air;49.97;8.58;0;Germany;0;0;0;MÖRFELDEN-WALLDORF;7.892;8
11/08/17 14:00;DEZ0799;Eurdep;air;49.84;8.45;0;Germany;0;0;0;RIEDSTADT;8.826;9.22
11/08/17 14:00;DEZ0803;Eurdep;air;50.31;8.56;0;Germany;0;0;0;WEHRHEIM;10.036;11
11/08/17 14:00;DEZ0805;Eurdep;air;50.12;9.47;0;Germany;0;0;0;FLÖRSBACHTAL OT LOHRHAUPTEN;10.114;10
11/08/17 14:00;DEZ0807;Eurdep;air;50.2;9.18;0;Germany;0;0;0;GELNHAUSEN;10.478;12
11/08/17 14:00;DEZ0811;Eurdep;air;50.35;9.53;0;Germany;0;0;0;SCHLÜCHTERN;11.33;12
11/08/17 14:00;DEZ0812;Eurdep;air;50.26;9.52;0;Germany;0;0;0;STEINAU A.D.STR. OT MARJOß;9.568999999999999;10
11/08/17 14:00;DEZ0813;Eurdep;air;50.27;9.32;0;Germany;0;0;0;WÄCHTERSBACH;10.318999999999999;11
11/08/17 14:00;DEZ0814;Eurdep;air;50.06;8.37;0;Germany;0;0;0;HOFHEIM A.T. /WALLAU;10.181999999999999;10
11/08/17 14:00;DEZ0816;Eurdep;air;49.81;9.05;0;Germany;0;0;0;BREUBERG OT RAI-BREITENBACH;10.388;11
11/08/17 14:00;DEZ0818;Eurdep;air;49.72;8.84;0;Germany;0;0;0;REICHELSHEIM (ODW);11.622;12
11/08/17 14:00;DEZ0819;Eurdep;air;49.5;8.92;0;Germany;0;0;0;ROTHENBERG;8.604000000000001;9.33
10/08/17 00:00;DEZ0820;Eurdep;air;50.02;8.8;0;Germany;0;0;0;DIETZENBACH;0;0
11/08/17 14:00;DEZ0821;Eurdep;air;49.96;8.66;0;Germany;0;0;0;EGELSBACH;9.376999999999999;9.873000000000001
11/08/17 14:00;DEZ0823;Eurdep;air;50.05;8.97;0;Germany;0;0;0;SELIGENSTADT;9.583;10
11/08/17 14:00;DEZ0824;Eurdep;air;50.16;8.06;0;Germany;0;0;0;BAD SCHWALBACH;10.545;11.129000000000001
11/08/17 14:00;DEZ0830;Eurdep;air;50.29;8.95;0;Germany;0;0;0;ALTENSTADT;10.822;11
11/08/17 14:00;DEZ0832;Eurdep;air;50.29;9.11;0;Germany;0;0;0;BÜDINGEN;10.290000000000001;11
11/08/17 14:00;DEZ0835;Eurdep;air;50.32;8.75;0;Germany;0;0;0;FRIEDBERG (HESSEN);9.49;10
11/08/17 14:00;DEZ0836;Eurdep;air;50.39;9.14;0;Germany;0;0;0;HIRZENHAIN;9.907;10
11/08/17 14:00;DEZ0840;Eurdep;air;50.47;8.89;0;Germany;0;0;0;HUNGEN;10.001999999999999;11
11/08/17 14:00;DEZ0847;Eurdep;air;50.58;8.29;0;Germany;0;0;0;GREIFENSTEIN;10.111;11
11/08/17 14:00;DEZ0850;Eurdep;air;50.3;8.27;0;Germany;0;0;0;BAD CAMBERG;10.367;10
11/08/17 14:00;DEZ0851;Eurdep;air;50.44;8.03;0;Germany;0;0;0;HADAMAR;10.204;10
11/08/17 14:00;DEZ0853;Eurdep;air;50.48;8.24;0;Germany;0;0;0;WEILBURG;10.169;11
11/08/17 14:00;DEZ0854;Eurdep;air;50.43;8.38;0;Germany;0;0;0;WEILMÜNSTER;10.312000000000001;11
11/08/17 14:00;DEZ0858;Eurdep;air;50.69;8.61;0;Germany;0;0;0;LOHRA OT KIRCHVERS;9.985;11
11/08/17 14:00;DEZ0859;Eurdep;air;50.79;8.77;0;Germany;0;0;0;MARBURG;9.294;9
11/08/17 14:00;DEZ0860;Eurdep;air;50.82;8.99;0;Germany;0;0;0;STADTALLENDORF;9.41;10
11/08/17 14:00;DEZ0862;Eurdep;air;50.72;9.25;0;Germany;0;0;0;ALSFELD;12.327;13
11/08/17 14:00;DEZ0864;Eurdep;air;50.69;9.05;0;Germany;0;0;0;GEMÜNDEN (FELDA);8.738;9
11/08/17 14:00;DEZ0865;Eurdep;air;50.63;9.39;0;Germany;0;0;0;LAUTERBACH;9.089;9.559999999999999
11/08/17 14:00;DEZ0866;Eurdep;air;50.67;9.57;0;Germany;0;0;0;SCHLITZ;10.681999999999999;11.056999999999999
11/08/17 15:00;DEZ0874;Eurdep;air;50.5;9.94;0;Germany;0;0;0;GERSFELD/RHÖN;9.767;10
11/08/17 14:00;DEZ0882;Eurdep;air;50.65;10.02;0;Germany;0;0;0;TANN (RHÖN);11;11.556999999999999
11/08/17 14:00;DEZ0893;Eurdep;air;51.25;9.37;0;Germany;0;0;0;BAUNATAL OT GROßENRITTE;10.425;11
11/08/17 14:00;DEZ0899;Eurdep;air;51.49;9.59;0;Germany;0;0;0;REINHARDSHAGEN OT VECKERHAGEN;9.666;11
11/08/17 14:00;DEZ0903;Eurdep;air;51.37;9.3;0;Germany;0;0;0;ZIERENBERG;11.556000000000001;12
11/08/17 14:00;DEZ0905;Eurdep;air;51.02;9.41;0;Germany;0;0;0;HOMBERG (EFZE);11.956;13
11/08/17 14:00;DEZ0911;Eurdep;air;51.38;9;0;Germany;0;0;0;BAD AROLSEN;10.734;11
11/08/17 14:00;DEZ0913;Eurdep;air;51.01;8.63;0;Germany;0;0;0;BATTENBERG (EDER);11.026;12
11/08/17 14:00;DEZ0914;Eurdep;air;51.36;8.81;0;Germany;0;0;0;DIEMELSEE OT ADORF;10.567;10
11/08/17 14:00;DEZ0918;Eurdep;air;50.97;8.98;0;Germany;0;0;0;GEMÜNDEN (WOHRA);11.426;12
11/08/17 14:00;DEZ0920;Eurdep;air;51.2;8.8;0;Germany;0;0;0;LICHTENFELS ST GODDELSHEIM;10.447;10
11/08/17 14:00;DEZ0921;Eurdep;air;51.23;9.09;0;Germany;0;0;0;WALDECK OT NETZE;11.178;11
11/08/17 14:00;DEZ0922;Eurdep;air;51.28;8.66;0;Germany;0;0;0;WILLINGEN OT USSELN;11.426;11.65
11/08/17 14:00;DEZ0926;Eurdep;air;51.04;10.15;0;Germany;0;0;0;HERLESHAUSEN;11.415000000000001;12
11/08/17 14:00;DEZ0927;Eurdep;air;51.2;9.65;0;Germany;0;0;0;HESSISCH LICHTENAU OT QUENTEL;11.870000000000001;13
11/08/17 14:00;DEZ0928;Eurdep;air;51.24;10.06;0;Germany;0;0;0;MEINHARD OT HITZELRODE;11.095;11
11/08/17 14:00;DEZ0931;Eurdep;air;51.19;10.18;0;Germany;0;0;0;WANFRIED;12.065000000000001;14
11/08/17 14:00;DEZ0932;Eurdep;air;51.35;9.86;0;Germany;0;0;0;WITZENHAUSEN;12.041;14
11/08/17 14:00;DEZ0933;Eurdep;air;50.51;6.99;0;Germany;0;0;0;ALTENAHR-ALTENBURG;10.652;11
11/08/17 14:00;DEZ0935;Eurdep;air;50.46;7.21;0;Germany;0;0;0;NIEDERZISSEN;11.341;11
11/08/17 14:00;DEZ0942;Eurdep;air;49.79;7.49;0;Germany;0;0;0;KIRN/NAHE;9.949;10.518
11/08/17 14:00;DEZ0943;Eurdep;air;49.95;7.79;0;Germany;0;0;0;STROMBERG;9.975;10.663
11/08/17 14:00;DEZ0945;Eurdep;air;49.88;7.63;0;Germany;0;0;0;WINTERBACH;10;11.543000000000001
11/08/17 14:00;DEZ0949;Eurdep;air;49.7;7.35;0;Germany;0;0;0;IDAR-OBERSTEIN;10.129999999999999;10.658
11/08/17 14:00;DEZ0950;Eurdep;air;49.86;7.34;0;Germany;0;0;0;RHAUNEN/HUNSRÜCK;10.86;11.717
11/08/17 14:00;DEZ0954;Eurdep;air;50.22;6.98;0;Germany;0;0;0;ULMEN;10.442;10.983
11/08/17 14:00;DEZ0957;Eurdep;air;50.32;7.22;0;Germany;0;0;0;MAYEN;11.476;11.986
11/08/17 14:00;DEZ0959;Eurdep;air;50.41;7.55;0;Germany;0;0;0;KALTENENGERS;10.304;11
11/08/17 14:00;DEZ0960;Eurdep;air;50.39;7.5;0;Germany;0;0;0;MÜLHEIM-KÄRLICH;11.876000000000001;12
11/08/17 14:00;DEZ0961;Eurdep;air;50.34;7.46;0;Germany;0;0;0;WOLKEN;11.856;12.386
11/08/17 14:00;DEZ0962;Eurdep;air;50.24;7.36;0;Germany;0;0;0;MÜNSTERMAIFELD;11.328;12.056999999999999
11/08/17 14:00;DEZ0965;Eurdep;air;50.56;7.29;0;Germany;0;0;0;LINZ AM RHEIN;9.508;10
11/08/17 14:00;DEZ0966;Eurdep;air;50.43;7.48;0;Germany;0;0;0;NEUWIED;10.588;11
11/08/17 14:00;DEZ0967;Eurdep;air;50.17;7.5600000000000005;0;Germany;0;0;0;HALSENBACH;11.508;12.117
11/08/17 14:00;DEZ0968;Eurdep;air;50.07;7.45;0;Germany;0;0;0;KASTELLAUN;11.508;12
11/08/17 14:00;DEZ0969;Eurdep;air;49.91;7.51;0;Germany;0;0;0;MENGERSCHIED;11.224;11
11/08/17 14:00;DEZ0970;Eurdep;air;49.98;7.52;0;Germany;0;0;0;SIMMERN;10.856;11
11/08/17 14:00;DEZ0973;Eurdep;air;50.35;7.89;0;Germany;0;0;0;HOLZAPPEL;11.02;11.55
11/08/17 14:00;DEZ0974;Eurdep;air;50.27;7.98;0;Germany;0;0;0;KATZENELNBOGEN;12.34;13
11/08/17 14:00;DEZ0975;Eurdep;air;50.32;7.59;0;Germany;0;0;0;LAHNSTEIN;10.128;10.822
11/08/17 14:00;DEZ0976;Eurdep;air;50.2;7.86;0;Germany;0;0;0;NASTÄTTEN;10.08;10.634
11/08/17 14:00;DEZ0977;Eurdep;air;50.15;7.73;0;Germany;0;0;0;ST. GOARSHAUSEN;11.443999999999999;12.117
11/08/17 14:00;DEZ0978;Eurdep;air;50.27;7.83;0;Germany;0;0;0;SINGHOFEN;10.216;10.65
11/08/17 14:00;DEZ0984;Eurdep;air;50.65;7.72;0;Germany;0;0;0;WAHLROD;9.762;10
11/08/17 15:00;DEZ0985;Eurdep;air;49.75;6.66;0;Germany;0;0;0;TRIER;10.537;10.92
11/08/17 14:00;DEZ0988;Eurdep;air;50.09;6.8100000000000005;0;Germany;0;0;0;MANDERSCHEID;10.083;10.527
11/08/17 14:00;DEZ0989;Eurdep;air;49.86;6.9;0;Germany;0;0;0;NEUMAGEN-DHRON;10.744;11.24
11/08/17 14:00;DEZ0994;Eurdep;air;50.02;6.23;0;Germany;0;0;0;KARLSHAUSEN;10.98;11.217
11/08/17 14:00;DEZ0997;Eurdep;air;49.94;6.64;0;Germany;0;0;0;SPEICHER;11.056000000000001;11.533
11/08/17 14:00;DEZ0998;Eurdep;air;49.97;6.19;0;Germany;0;0;0;WALDHOF-FALKENSTEIN;10.476;10.675
11/08/17 14:00;DEZ1000;Eurdep;air;50.3;6.34;0;Germany;0;0;0;AUW BEI PRÜM;9.498000000000001;9.940000000000001
11/08/17 14:00;DEZ1003;Eurdep;air;50.1;6.45;0;Germany;0;0;0;FEUERSCHEID;9.447;9.873999999999999
11/08/17 14:00;DEZ1004;Eurdep;air;50.16;6.22;0;Germany;0;0;0;GROßKAMPENBERG;10.131;10.583
11/08/17 14:00;DEZ1006;Eurdep;air;50.21;6.42;0;Germany;0;0;0;PRÜM;10.312000000000001;10
11/08/17 14:00;DEZ1008;Eurdep;air;50.29;6.67;0;Germany;0;0;0;HILLESHEIM;9.91;10.325
11/08/17 14:00;DEZ1009;Eurdep;air;50.35;6.57;0;Germany;0;0;0;JÜNKERATH;10.708;11.15
11/08/17 14:00;DEZ1011;Eurdep;air;50.33;6.45;0;Germany;0;0;0;ORMONT;9.488;9.936
11/08/17 14:00;DEZ1016;Eurdep;air;49.6;6.5600000000000005;0;Germany;0;0;0;SAARBURG;9.982;10
11/08/17 14:00;DEZ1019;Eurdep;air;49.67;6.52;0;Germany;0;0;0;TAWERN;9.853;10.074
11/08/17 14:00;DEZ1021;Eurdep;air;49.6;6.42;0;Germany;0;0;0;WINCHERINGEN;11.352;11
11/08/17 14:00;DEZ1022;Eurdep;air;49.6;6.69;0;Germany;0;0;0;ZERF;9.622;9.84
11/08/17 14:00;DEZ1028;Eurdep;air;49.2;7.62;0;Germany;0;0;0;PIRMASENS;11.196;11.42
11/08/17 14:00;DEZ1030;Eurdep;air;49.67;8.35;0;Germany;0;0;0;WORMS;9.031;9.76
11/08/17 15:00;DEZ1031;Eurdep;air;49.76;8.34;0;Germany;0;0;0;ALSHEIM;9.292;9.796
11/08/17 14:00;DEZ1032;Eurdep;air;49.74;8.12;0;Germany;0;0;0;ALZEY;12.576;13.059999999999999
11/08/17 14:00;DEZ1034;Eurdep;air;49.77;7.95;0;Germany;0;0;0;STEIN-BOCKENHEIM;10.488;11.067
11/08/17 14:00;DEZ1036;Eurdep;air;49.47;8.19;0;Germany;0;0;0;BAD DÜRKHEIM;9.248000000000001;9.834
11/08/17 14:00;DEZ1037;Eurdep;air;49.35;7.94;0;Germany;0;0;0;ELMSTEIN;9.805;10.440000000000001
11/08/17 14:00;DEZ1038;Eurdep;air;49.57;8.18;0;Germany;0;0;0;GRÜNSTADT;9.575;10.213
11/08/17 14:00;DEZ1039;Eurdep;air;49.41;8.01;0;Germany;0;0;0;WEIDENTHAL;9.277;9.913
11/08/17 14:00;DEZ1041;Eurdep;air;49.66;8.01;0;Germany;0;0;0;KIRCHHEIMBOLANDEN;12.192;12.675
11/08/17 14:00;DEZ1042;Eurdep;air;49.73;7.78;0;Germany;0;0;0;OBERMOSCHEL;12.292;13
11/08/17 14:00;DEZ1043;Eurdep;air;49.6;7.78;0;Germany;0;0;0;GUNDERSWEILER;11.48;12.025
11/08/17 14:00;DEZ1045;Eurdep;air;49.21;8.36;0;Germany;0;0;0;GERMERSHEIM;8.966;10
11/08/17 14:00;DEZ1046;Eurdep;air;48.99;8.24;0;Germany;0;0;0;NEUBURG AM RHEIN;8.906;9.527
11/08/17 14:00;DEZ1049;Eurdep;air;49.05;8.25;0;Germany;0;0;0;WÖRTH AM RHEIN;8.099;8.757
11/08/17 14:00;DEZ1051;Eurdep;air;49.49;7.89;0;Germany;0;0;0;ENKENBACH-ALSENBORN;9.476;9.902
11/08/17 14:00;DEZ1058;Eurdep;air;49.28;8.23;0;Germany;0;0;0;BÖBINGEN;9.331999999999999;10.113
11/08/17 14:00;DEZ1059;Eurdep;air;49.05;8.03;0;Germany;0;0;0;STEINFELD;9.702;10.178
11/08/17 14:00;DEZ1060;Eurdep;air;49.26;8.4;0;Germany;0;0;0;RÖMERBERG-MECHTERSHEIM;9.088;9.855
11/08/17 14:00;DEZ1061;Eurdep;air;49.4;8.39;0;Germany;0;0;0;SCHIFFERSTADT;9.157;9.75
